# EC molecule
10 atoms
10 bonds
16 angles
17 dihedrals
2 impropers

Coords

4 0.7848877133516083 -0.3133743850964308 -0.20521266894742496 
5 1.8404946819273658 -0.8975298983197746 -0.6220111043198209 
6 -0.294798010323289 -0.056583063517074095 -1.0121783703328635 
8 -2.034951220662201 -0.6696413504602408 -0.06591343361132651 
7 -1.990359746670034 1.087676169797959 -0.7836356294075664 
1 -1.455615009225447 0.2853810873373863 -0.2531599803070925 
3 0.5172168965755493 0.250295461590083 0.9678391560905251 
2 -0.8214092369913519 0.6576019615513538 1.072554507518623 
10 -1.0206106873452523 1.7447327130523274 1.267229818872698 
9 -1.417738684176804 0.09246561072814252 1.7965990466386614 

Charges

4 0.86
5 -0.5
6 -0.45
8 0.03 
7 0.03
1 0.21
3 -0.45
2 0.21
10 0.03
9 0.03

Types

4 713
5 712
6 714
8 718
7 718
1 715
3 714
2 715
10 718
9 718


Bonds

1 34 4 5
2 41 4 6
3 113 1 2
4 119 1 6
5 125 1 7
6 125 1 8
7 41 3 4
8 119 2 3
9 125 2 9
10 125 2 10

Angles

1 53 3 4 5
2 53 5 4 6
3 398 1 6 4
4 205 2 1 6
5 220 7 1 8
6 228 6 1 7
7 228 6 1 8
8 232 2 1 7
9 232 2 1 8
10 398 2 3 4
11 205 1 2 3
12 220 9 2 10
13 228 3 2 9
14 228 3 2 10
15 232 1 2 9
16 232 1 2 10

Dihedrals

1 68 1 6 4 5
2 269 4 6 1 7
3 269 4 6 1 8
4 215 6 1 2 9
5 215 6 1 2 10
6 225 7 1 2 9
7 225 7 1 2 10
8 225 8 1 2 9
9 225 8 1 2 10
10 265 2 1 6 4
11 68 2 3 4 5
12 269 4 3 2 9
13 269 4 3 2 10
14 214 3 2 1 6
15 215 3 2 1 7
16 215 3 2 1 8
17 265 1 2 3 4

Impropers

1 1 3 6 4 5
2 1 5 3 4 6