# TMSP molecule
23 atoms
22 bonds
40 angles
53 dihedrals
2 impropers

Coords

10 0.6126916363095871 -1.5205309018804436 -1.2831100173749541
11 2.16905473144486 -0.6899079561649564 -0.9397834139664893
18 1.812030250796664 -0.46494218981907887 3.151860557685533
19 0.669012292977123 1.7819987951746854 1.5159495136485197
21 -1.6730494037913688 1.09155972658855 0.5886396075782874
5 0.5648439256004538 1.201343427923581 0.6127104811121451
20 1.3957229794857882 1.492452381938873 -0.022703875516983274
6 -0.8398546278803765 1.4745094291789314 -0.014754947004118613
7 -0.8558353055567816 1.0090535554441877 -1.4915224346611387
22 -0.8369484482036778 2.5557371254511057 -0.057045791383240285
8 0.06734995910843411 1.1679206967715863 -2.2899738291764646
1 1.3999955461605773 -1.3433340216276892 -0.5257837037280244
2 0.8888075446414452 -0.47412867286901417 0.9709391734980959
12 1.9009689813448225 -2.2649957094043236 -0.23663271730593927
13 -0.8234437514191191 -1.012857609302832 2.6880306115788444
4 2.1990669681109334 -0.5547697038842232 2.1115100141956824
16 2.7746605497017582 0.3651052451084382 1.9777195248446895
17 2.746383423611993 -1.452741339535715 1.8679067472475768
14 -1.3616572169544927 -1.4317859965974853 1.1155704690626735
3 -0.48788398350702167 -1.4452547474106747 1.7554952731056486
15 -0.17753648926173815 -2.468742270740166 1.9833605063725641
9 -1.8346124369255392 0.10006250200911548 -1.6728218896817004
23 -1.8738869467777528 -0.278206487622469 -2.537393425032242

Charges

10 0.06
11 0.06
18 0.06
19 0.06
21 0.06
5 -0.37
20 0.06
6 -0.12
7 0.52
22 0.06
8 -0.44
1 -0.43
2 1
12 0.06
13 0.06
4 -0.43
16 0.06
17 0.06
14 0.06
3 -0.43
15 0.06
9 -0.53
23 0.45

Types

10 85
11 85
18 85
19 85
21 85
5 872
20 85
6 81
7 209
22 85
8 210
1 871
2 866
12 85
13 85
4 871
16 85
17 85
14 85
3 871
15 85
9 211
23 212

Bonds

1 113 5 6
2 125 5 19
3 125 5 20
4 39 6 7
5 125 6 21
6 125 6 22
7 34 7 8
8 35 7 9
9 152 1 2
10 125 1 10
11 125 1 11
12 125 1 12
13 152 2 3
14 152 2 4
15 152 2 5
16 125 4 16
17 125 4 17
18 125 4 18
19 125 3 13
20 125 3 14
21 125 3 15
22 63 9 23

Angles

1 220 19 5 20
2 232 6 5 19
3 232 6 5 20
4 307 2 5 19
5 307 2 5 20
6 308 2 5 6
7 200 5 6 7
8 220 21 6 22
9 224 7 6 21
10 224 7 6 22
11 232 5 6 21
12 232 5 6 22
13 40 8 7 9
14 46 6 7 9
15 50 6 7 8
16 220 10 1 11
17 220 10 1 12
18 220 11 1 12
19 307 2 1 10
20 307 2 1 11
21 307 2 1 12
22 998 1 2 3
23 998 1 2 4
24 998 3 2 4
25 998 1 2 5
26 998 3 2 5
27 998 4 2 5
28 220 16 4 17
29 220 16 4 18
30 220 17 4 18
31 307 2 4 16
32 307 2 4 17
33 307 2 4 18
34 220 13 3 14
35 220 13 3 15
36 220 14 3 15
37 307 2 3 13
38 307 2 3 14
39 307 2 3 15
40 112 7 9 23

Dihedrals

1 174 2 5 6 7
2 225 19 5 6 21
3 225 19 5 6 22
4 225 20 5 6 21
5 225 20 5 6 22
6 245 2 5 6 21
7 245 2 5 6 22
8 40 5 6 7 8
9 46 5 6 7 9
10 187 7 6 5 19
11 187 7 6 5 20
12 31 8 7 9 23
13 32 6 7 9 23
14 44 8 7 6 21
15 44 8 7 6 22
16 48 9 7 6 21
17 48 9 7 6 22
18 406 1 2 5 6
19 406 3 2 5 6
20 406 4 2 5 6
21 408 3 2 1 10
22 408 4 2 1 10
23 408 3 2 1 11
24 408 4 2 1 11
25 408 3 2 1 12
26 408 4 2 1 12
27 408 1 2 3 13
28 408 4 2 3 13
29 408 1 2 3 14
30 408 4 2 3 14
31 408 1 2 3 15
32 408 4 2 3 15
33 408 1 2 4 16
34 408 3 2 4 16
35 408 1 2 4 17
36 408 3 2 4 17
37 408 1 2 4 18
38 408 3 2 4 18
39 408 5 2 1 10
40 408 5 2 1 11
41 408 5 2 1 12
42 408 5 2 3 13
43 408 5 2 3 14
44 408 5 2 3 15
45 408 5 2 4 16
46 408 5 2 4 17
47 408 5 2 4 18
48 408 1 2 5 19
49 408 3 2 5 19
50 408 4 2 5 19
51 408 1 2 5 20
52 408 3 2 5 20
53 408 4 2 5 20

Impropers

1 1 8 6 7 9
2 1 6 9 7 8
