# MMDS molecule
14 atoms
14 bonds
25 angles
28 dihedrals
0 impropers

Coords

5 0.9128428859173945 -1.0034617817935119 2.377370208917021
1 1.390577469200045 -0.9609964976612981 -1.1481317994263227
11 1.9348026844143917 -0.6470132625738048 -2.0453145904788794
12 1.8155445380593194 -1.9143853486060358 -0.8406972900270238
8 -2.413274358010508 -0.20508510887879883 -1.6889745584277096
7 -1.0705010684341638 0.12110782862990632 -1.2297808181612946
3 0.6285265779666545 0.036533996605156105 1.4020282975588558
4 0.626233529354645 1.3170615574257734 2.0488464469246046
2 1.718933565824877 0.08440599589897202 -0.019489658052547654
6 -0.9096486301721312 -0.14079803307589067 0.5220548361286492
9 -0.49171244011320336 1.3918488833725733 -1.6015563037941265
13 -1.2164844722348205 -1.1672839066429725 0.7135195017602096
14 -1.6481597528819063 0.5115668215719134 0.9821454777274998
10 -0.059664480160360966 -1.2565492198849513 -1.5588713045258098

Charges

5 -0.68
1 0.14
11 0.06
12 0.06
8 -0.68
7 1.48
3 1.48
4 -0.68
2 0.19
6 0.025
9 -0.68
13 0.06
14 0.06
10 0.19

Types

5 416
1 124
11 85
12 85
8 416
7 415
3 415
4 416
2 431
6 440
9 416
13 85
14 85
10 431

Bonds

1 113 1 2
2 113 1 10
3 125 1 11
4 125 1 12
5 208 7 8
6 208 7 9
7 138 7 10
8 208 3 4
9 208 3 5
10 138 3 6
11 138 2 3
12 138 6 7
13 125 6 13
14 125 6 14

Angles

1 199 2 1 10
2 220 11 1 12
3 232 2 1 11
4 232 2 1 12
5 232 10 1 11
6 232 10 1 12
7 811 6 7 10
8 814 8 7 10
9 814 9 7 10
10 814 6 7 8
11 814 6 7 9
12 815 8 7 9
13 811 2 3 6
14 814 2 3 4
15 814 2 3 5
16 814 4 3 6
17 814 5 3 6
18 815 4 3 5
19 277 1 2 3
20 220 13 6 14
21 276 3 6 13
22 276 7 6 13
23 276 3 6 14
24 276 7 6 14
25 277 1 10 7

Dihedrals

1 208 2 1 10 7
2 360 10 7 6 13
3 360 10 7 6 14
4 361 8 7 6 13
5 361 9 7 6 13
6 361 8 7 6 14
7 361 9 7 6 14
8 355 4 3 6 7
9 355 5 3 6 7
10 360 2 3 6 13
11 360 2 3 6 14
12 361 4 3 6 13
13 361 5 3 6 13
14 361 4 3 6 14
15 361 5 3 6 14
16 208 3 2 1 10
17 235 3 2 1 11
18 235 3 2 1 12
19 357 1 2 3 6
20 358 1 2 3 4
21 358 1 2 3 5
22 355 3 6 7 8
23 355 3 6 7 9
24 235 7 10 1 11
25 235 7 10 1 12
26 357 1 10 7 6
27 358 1 10 7 8
28 358 1 10 7 9
