1 1 124 0.0 1.6555091581897068 0.27135731681766806 0.3743266058496116
2 1 431 0.0 1.2236527193719653 -0.9929524074497009 0.8247848295391378
3 1 415 0.0 -0.10295972691005083 -1.476087072752701 -0.11013799869969544
4 1 416 0.0 -0.6479540898941618 -2.763708717607484 0.4394418105205248
5 1 416 0.0 0.3193943623576347 -1.691854615772387 -1.5371578429615214
6 1 440 0.0 -1.3667480032611203 -0.23127117733870775 -0.028724279744924225
7 1 415 0.0 -0.5849301200485624 1.36311030020987 -0.03675333514617645
8 1 416 0.0 -0.2695421685611796 1.7774614885360198 -1.4474864955084061
9 1 416 0.0 -1.519371107253484 2.36964649901215 0.5721235262377452
10 1 431 0.0 0.8347152187801375 1.2982056486315707 0.8840042182684914
11 1 85 0.0 2.675685298808393 0.4341067173697847 0.7779103998368787
12 1 85 0.0 1.7759169226931437 0.3204328301558504 -0.7335622975992003
13 1 85 0.0 -2.055433285920919 -0.32582087543432187 -0.8937306771213873
14 1 85 0.0 -1.9379351783514167 -0.3526259343776461 0.9149615365289586
