1 50 2 4 5
2 50 17 19 20
3 50 32 34 35
4 50 47 49 50
5 50 62 64 65
6 50 77 79 80
7 50 92 94 95
8 50 107 109 110
9 50 122 124 125
10 50 137 139 140
11 50 152 154 155
12 50 167 169 170
13 50 182 184 185
14 50 197 199 200
15 50 212 214 215
16 50 227 229 230
17 50 242 244 245
18 50 257 259 260
19 50 272 274 275
20 50 287 289 290
21 50 302 304 305
22 50 317 319 320
23 50 332 334 335
24 50 347 349 350
25 50 362 364 365
26 50 377 379 380
27 50 392 394 395
28 50 407 409 410
29 50 422 424 425
30 50 437 439 440
31 50 452 454 455
32 50 467 469 470
33 50 482 484 485
34 50 497 499 500
35 50 512 514 515
36 50 527 529 530
37 50 542 544 545
38 50 557 559 560
39 50 572 574 575
40 50 587 589 590
41 50 602 604 605
42 50 617 619 620
43 50 632 634 635
44 50 647 649 650
45 50 662 664 665
46 50 677 679 680
47 50 692 694 695
48 50 707 709 710
49 50 722 724 725
50 50 737 739 740
51 50 752 754 755
52 50 767 769 770
53 50 782 784 785
54 50 797 799 800
55 50 812 814 815
56 50 827 829 830
57 50 842 844 845
58 50 857 859 860
59 50 872 874 875
60 50 887 889 890
61 50 902 904 905
62 50 917 919 920
63 50 932 934 935
64 50 947 949 950
65 50 962 964 965
66 50 977 979 980
67 50 992 994 995
68 50 1007 1009 1010
69 50 1022 1024 1025
70 50 1037 1039 1040
71 50 1052 1054 1055
72 50 1067 1069 1070
73 50 1082 1084 1085
74 50 1097 1099 1100
75 50 1112 1114 1115
76 50 1127 1129 1130
77 50 1142 1144 1145
78 50 1157 1159 1160
79 50 1172 1174 1175
80 50 1187 1189 1190
81 50 1202 1204 1205
82 50 1217 1219 1220
83 50 1232 1234 1235
84 50 1247 1249 1250
85 50 1262 1264 1265
86 50 1277 1279 1280
87 50 1292 1294 1295
88 50 1307 1309 1310
89 50 1322 1324 1325
90 50 1337 1339 1340
91 50 1352 1354 1355
92 50 1367 1369 1370
93 50 1382 1384 1385
94 50 1397 1399 1400
95 50 1412 1414 1415
96 50 1427 1429 1430
97 50 1442 1444 1445
98 50 1457 1459 1460
99 50 1472 1474 1475
100 50 1487 1489 1490
101 52 2 4 6
102 52 17 19 21
103 52 32 34 36
104 52 47 49 51
105 52 62 64 66
106 52 77 79 81
107 52 92 94 96
108 52 107 109 111
109 52 122 124 126
110 52 137 139 141
111 52 152 154 156
112 52 167 169 171
113 52 182 184 186
114 52 197 199 201
115 52 212 214 216
116 52 227 229 231
117 52 242 244 246
118 52 257 259 261
119 52 272 274 276
120 52 287 289 291
121 52 302 304 306
122 52 317 319 321
123 52 332 334 336
124 52 347 349 351
125 52 362 364 366
126 52 377 379 381
127 52 392 394 396
128 52 407 409 411
129 52 422 424 426
130 52 437 439 441
131 52 452 454 456
132 52 467 469 471
133 52 482 484 486
134 52 497 499 501
135 52 512 514 516
136 52 527 529 531
137 52 542 544 546
138 52 557 559 561
139 52 572 574 576
140 52 587 589 591
141 52 602 604 606
142 52 617 619 621
143 52 632 634 636
144 52 647 649 651
145 52 662 664 666
146 52 677 679 681
147 52 692 694 696
148 52 707 709 711
149 52 722 724 726
150 52 737 739 741
151 52 752 754 756
152 52 767 769 771
153 52 782 784 786
154 52 797 799 801
155 52 812 814 816
156 52 827 829 831
157 52 842 844 846
158 52 857 859 861
159 52 872 874 876
160 52 887 889 891
161 52 902 904 906
162 52 917 919 921
163 52 932 934 936
164 52 947 949 951
165 52 962 964 966
166 52 977 979 981
167 52 992 994 996
168 52 1007 1009 1011
169 52 1022 1024 1026
170 52 1037 1039 1041
171 52 1052 1054 1056
172 52 1067 1069 1071
173 52 1082 1084 1086
174 52 1097 1099 1101
175 52 1112 1114 1116
176 52 1127 1129 1131
177 52 1142 1144 1146
178 52 1157 1159 1161
179 52 1172 1174 1176
180 52 1187 1189 1191
181 52 1202 1204 1206
182 52 1217 1219 1221
183 52 1232 1234 1236
184 52 1247 1249 1251
185 52 1262 1264 1266
186 52 1277 1279 1281
187 52 1292 1294 1296
188 52 1307 1309 1311
189 52 1322 1324 1326
190 52 1337 1339 1341
191 52 1352 1354 1356
192 52 1367 1369 1371
193 52 1382 1384 1386
194 52 1397 1399 1401
195 52 1412 1414 1416
196 52 1427 1429 1431
197 52 1442 1444 1446
198 52 1457 1459 1461
199 52 1472 1474 1476
200 52 1487 1489 1491
201 53 5 4 6
202 53 20 19 21
203 53 35 34 36
204 53 50 49 51
205 53 65 64 66
206 53 80 79 81
207 53 95 94 96
208 53 110 109 111
209 53 125 124 126
210 53 140 139 141
211 53 155 154 156
212 53 170 169 171
213 53 185 184 186
214 53 200 199 201
215 53 215 214 216
216 53 230 229 231
217 53 245 244 246
218 53 260 259 261
219 53 275 274 276
220 53 290 289 291
221 53 305 304 306
222 53 320 319 321
223 53 335 334 336
224 53 350 349 351
225 53 365 364 366
226 53 380 379 381
227 53 395 394 396
228 53 410 409 411
229 53 425 424 426
230 53 440 439 441
231 53 455 454 456
232 53 470 469 471
233 53 485 484 486
234 53 500 499 501
235 53 515 514 516
236 53 530 529 531
237 53 545 544 546
238 53 560 559 561
239 53 575 574 576
240 53 590 589 591
241 53 605 604 606
242 53 620 619 621
243 53 635 634 636
244 53 650 649 651
245 53 665 664 666
246 53 680 679 681
247 53 695 694 696
248 53 710 709 711
249 53 725 724 726
250 53 740 739 741
251 53 755 754 756
252 53 770 769 771
253 53 785 784 786
254 53 800 799 801
255 53 815 814 816
256 53 830 829 831
257 53 845 844 846
258 53 860 859 861
259 53 875 874 876
260 53 890 889 891
261 53 905 904 906
262 53 920 919 921
263 53 935 934 936
264 53 950 949 951
265 53 965 964 966
266 53 980 979 981
267 53 995 994 996
268 53 1010 1009 1011
269 53 1025 1024 1026
270 53 1040 1039 1041
271 53 1055 1054 1056
272 53 1070 1069 1071
273 53 1085 1084 1086
274 53 1100 1099 1101
275 53 1115 1114 1116
276 53 1130 1129 1131
277 53 1145 1144 1146
278 53 1160 1159 1161
279 53 1175 1174 1176
280 53 1190 1189 1191
281 53 1205 1204 1206
282 53 1220 1219 1221
283 53 1235 1234 1236
284 53 1250 1249 1251
285 53 1265 1264 1266
286 53 1280 1279 1281
287 53 1295 1294 1296
288 53 1310 1309 1311
289 53 1325 1324 1326
290 53 1340 1339 1341
291 53 1355 1354 1356
292 53 1370 1369 1371
293 53 1385 1384 1386
294 53 1400 1399 1401
295 53 1415 1414 1416
296 53 1430 1429 1431
297 53 1445 1444 1446
298 53 1460 1459 1461
299 53 1475 1474 1476
300 53 1490 1489 1491
301 199 1 2 3
302 199 1 2 1471
303 199 1 17 18
304 199 16 17 18
305 199 16 32 33
306 199 31 32 33
307 199 31 47 48
308 199 46 47 48
309 199 46 62 63
310 199 61 62 63
311 199 61 77 78
312 199 76 77 78
313 199 76 92 93
314 199 91 92 93
315 199 91 107 108
316 199 106 107 108
317 199 106 122 123
318 199 121 122 123
319 199 121 137 138
320 199 136 137 138
321 199 136 152 153
322 199 151 152 153
323 199 151 167 168
324 199 166 167 168
325 199 166 182 183
326 199 181 182 183
327 199 181 197 198
328 199 196 197 198
329 199 196 212 213
330 199 211 212 213
331 199 211 227 228
332 199 226 227 228
333 199 226 242 243
334 199 241 242 243
335 199 241 257 258
336 199 256 257 258
337 199 256 272 273
338 199 271 272 273
339 199 271 287 288
340 199 286 287 288
341 199 286 302 303
342 199 301 302 303
343 199 301 317 318
344 199 316 317 318
345 199 316 332 333
346 199 331 332 333
347 199 331 347 348
348 199 346 347 348
349 199 346 362 363
350 199 361 362 363
351 199 361 377 378
352 199 376 377 378
353 199 376 392 393
354 199 391 392 393
355 199 391 407 408
356 199 406 407 408
357 199 406 422 423
358 199 421 422 423
359 199 421 437 438
360 199 436 437 438
361 199 436 452 453
362 199 451 452 453
363 199 451 467 468
364 199 466 467 468
365 199 466 482 483
366 199 481 482 483
367 199 481 497 498
368 199 496 497 498
369 199 496 512 513
370 199 511 512 513
371 199 511 527 528
372 199 526 527 528
373 199 526 542 543
374 199 541 542 543
375 199 541 557 558
376 199 556 557 558
377 199 556 572 573
378 199 571 572 573
379 199 571 587 588
380 199 586 587 588
381 199 586 602 603
382 199 601 602 603
383 199 601 617 618
384 199 616 617 618
385 199 616 632 633
386 199 631 632 633
387 199 631 647 648
388 199 646 647 648
389 199 646 662 663
390 199 661 662 663
391 199 661 677 678
392 199 676 677 678
393 199 676 692 693
394 199 691 692 693
395 199 691 707 708
396 199 706 707 708
397 199 706 722 723
398 199 721 722 723
399 199 721 737 738
400 199 736 737 738
401 199 751 752 753
402 199 751 767 768
403 199 766 767 768
404 199 766 782 783
405 199 781 782 783
406 199 781 797 798
407 199 796 797 798
408 199 796 812 813
409 199 811 812 813
410 199 811 827 828
411 199 826 827 828
412 199 826 842 843
413 199 841 842 843
414 199 841 857 858
415 199 856 857 858
416 199 856 872 873
417 199 871 872 873
418 199 871 887 888
419 199 886 887 888
420 199 886 902 903
421 199 901 902 903
422 199 901 917 918
423 199 916 917 918
424 199 916 932 933
425 199 931 932 933
426 199 931 947 948
427 199 946 947 948
428 199 946 962 963
429 199 961 962 963
430 199 961 977 978
431 199 976 977 978
432 199 976 992 993
433 199 991 992 993
434 199 991 1007 1008
435 199 1006 1007 1008
436 199 1006 1022 1023
437 199 1021 1022 1023
438 199 1021 1037 1038
439 199 1036 1037 1038
440 199 1036 1052 1053
441 199 1051 1052 1053
442 199 1051 1067 1068
443 199 1066 1067 1068
444 199 1066 1082 1083
445 199 1081 1082 1083
446 199 1081 1097 1098
447 199 1096 1097 1098
448 199 1096 1112 1113
449 199 1111 1112 1113
450 199 1111 1127 1128
451 199 1126 1127 1128
452 199 1126 1142 1143
453 199 1141 1142 1143
454 199 1141 1157 1158
455 199 1156 1157 1158
456 199 1156 1172 1173
457 199 1171 1172 1173
458 199 1171 1187 1188
459 199 1186 1187 1188
460 199 1186 1202 1203
461 199 1201 1202 1203
462 199 1201 1217 1218
463 199 1216 1217 1218
464 199 1216 1232 1233
465 199 1231 1232 1233
466 199 1231 1247 1248
467 199 1246 1247 1248
468 199 1246 1262 1263
469 199 1261 1262 1263
470 199 1261 1277 1278
471 199 1276 1277 1278
472 199 1276 1292 1293
473 199 1291 1292 1293
474 199 1291 1307 1308
475 199 1306 1307 1308
476 199 1306 1322 1323
477 199 1321 1322 1323
478 199 1321 1337 1338
479 199 1336 1337 1338
480 199 1336 1352 1353
481 199 1351 1352 1353
482 199 1351 1367 1368
483 199 1366 1367 1368
484 199 1366 1382 1383
485 199 1381 1382 1383
486 199 1381 1397 1398
487 199 1396 1397 1398
488 199 1396 1412 1413
489 199 1411 1412 1413
490 199 1411 1427 1428
491 199 1426 1427 1428
492 199 1426 1442 1443
493 199 1441 1442 1443
494 199 1441 1457 1458
495 199 1456 1457 1458
496 199 1 17 16
497 199 16 32 31
498 199 31 47 46
499 199 46 62 61
500 199 61 77 76
501 199 76 92 91
502 199 91 107 106
503 199 106 122 121
504 199 121 137 136
505 199 136 152 151
506 199 151 167 166
507 199 166 182 181
508 199 181 197 196
509 199 196 212 211
510 199 211 227 226
511 199 226 242 241
512 199 241 257 256
513 199 256 272 271
514 199 271 287 286
515 199 286 302 301
516 199 301 317 316
517 199 316 332 331
518 199 331 347 346
519 199 346 362 361
520 199 361 377 376
521 199 376 392 391
522 199 391 407 406
523 199 406 422 421
524 199 421 437 436
525 199 436 452 451
526 199 451 467 466
527 199 466 482 481
528 199 481 497 496
529 199 496 512 511
530 199 511 527 526
531 199 526 542 541
532 199 541 557 556
533 199 556 572 571
534 199 571 587 586
535 199 586 602 601
536 199 601 617 616
537 199 616 632 631
538 199 631 647 646
539 199 646 662 661
540 199 661 677 676
541 199 676 692 691
542 199 691 707 706
543 199 706 722 721
544 199 721 737 736
545 199 751 767 766
546 199 766 782 781
547 199 781 797 796
548 199 796 812 811
549 199 811 827 826
550 199 826 842 841
551 199 841 857 856
552 199 856 872 871
553 199 871 887 886
554 199 886 902 901
555 199 901 917 916
556 199 916 932 931
557 199 931 947 946
558 199 946 962 961
559 199 961 977 976
560 199 976 992 991
561 199 991 1007 1006
562 199 1006 1022 1021
563 199 1021 1037 1036
564 199 1036 1052 1051
565 199 1051 1067 1066
566 199 1066 1082 1081
567 199 1081 1097 1096
568 199 1096 1112 1111
569 199 1111 1127 1126
570 199 1126 1142 1141
571 199 1141 1157 1156
572 199 1156 1172 1171
573 199 1171 1187 1186
574 199 1186 1202 1201
575 199 1201 1217 1216
576 199 1216 1232 1231
577 199 1231 1247 1246
578 199 1246 1262 1261
579 199 1261 1277 1276
580 199 1276 1292 1291
581 199 1291 1307 1306
582 199 1306 1322 1321
583 199 1321 1337 1336
584 199 1336 1352 1351
585 199 1351 1367 1366
586 199 1366 1382 1381
587 199 1381 1397 1396
588 199 1396 1412 1411
589 199 1411 1427 1426
590 199 1426 1442 1441
591 199 1441 1457 1456
592 199 2 1 17
593 199 17 16 32
594 199 32 31 47
595 199 47 46 62
596 199 62 61 77
597 199 77 76 92
598 199 92 91 107
599 199 107 106 122
600 199 122 121 137
601 199 137 136 152
602 199 152 151 167
603 199 167 166 182
604 199 182 181 197
605 199 197 196 212
606 199 212 211 227
607 199 227 226 242
608 199 242 241 257
609 199 257 256 272
610 199 272 271 287
611 199 287 286 302
612 199 302 301 317
613 199 317 316 332
614 199 332 331 347
615 199 347 346 362
616 199 362 361 377
617 199 377 376 392
618 199 392 391 407
619 199 407 406 422
620 199 422 421 437
621 199 437 436 452
622 199 452 451 467
623 199 467 466 482
624 199 482 481 497
625 199 497 496 512
626 199 512 511 527
627 199 527 526 542
628 199 542 541 557
629 199 557 556 572
630 199 572 571 587
631 199 587 586 602
632 199 602 601 617
633 199 617 616 632
634 199 632 631 647
635 199 647 646 662
636 199 662 661 677
637 199 677 676 692
638 199 692 691 707
639 199 707 706 722
640 199 722 721 737
641 199 752 751 767
642 199 767 766 782
643 199 782 781 797
644 199 797 796 812
645 199 812 811 827
646 199 827 826 842
647 199 842 841 857
648 199 857 856 872
649 199 872 871 887
650 199 887 886 902
651 199 902 901 917
652 199 917 916 932
653 199 932 931 947
654 199 947 946 962
655 199 962 961 977
656 199 977 976 992
657 199 992 991 1007
658 199 1007 1006 1022
659 199 1022 1021 1037
660 199 1037 1036 1052
661 199 1052 1051 1067
662 199 1067 1066 1082
663 199 1082 1081 1097
664 199 1097 1096 1112
665 199 1112 1111 1127
666 199 1127 1126 1142
667 199 1142 1141 1157
668 199 1157 1156 1172
669 199 1172 1171 1187
670 199 1187 1186 1202
671 199 1202 1201 1217
672 199 1217 1216 1232
673 199 1232 1231 1247
674 199 1247 1246 1262
675 199 1262 1261 1277
676 199 1277 1276 1292
677 199 1292 1291 1307
678 199 1307 1306 1322
679 199 1322 1321 1337
680 199 1337 1336 1352
681 199 1352 1351 1367
682 199 1367 1366 1382
683 199 1382 1381 1397
684 199 1397 1396 1412
685 199 1412 1411 1427
686 199 1427 1426 1442
687 199 1442 1441 1457
688 199 2 1471 1472
689 199 3 2 1471
690 199 1456 1487 1486
691 199 1456 1487 1488
692 199 1457 1456 1487
693 199 1471 1472 1473
694 199 1486 1487 1488
695 200 1 2 4
696 200 16 17 19
697 200 1 17 19
698 200 31 32 34
699 200 16 32 34
700 200 46 47 49
701 200 31 47 49
702 200 61 62 64
703 200 46 62 64
704 200 76 77 79
705 200 61 77 79
706 200 91 92 94
707 200 76 92 94
708 200 106 107 109
709 200 91 107 109
710 200 121 122 124
711 200 106 122 124
712 200 136 137 139
713 200 121 137 139
714 200 151 152 154
715 200 136 152 154
716 200 166 167 169
717 200 151 167 169
718 200 181 182 184
719 200 166 182 184
720 200 196 197 199
721 200 181 197 199
722 200 211 212 214
723 200 196 212 214
724 200 226 227 229
725 200 211 227 229
726 200 241 242 244
727 200 226 242 244
728 200 256 257 259
729 200 241 257 259
730 200 271 272 274
731 200 256 272 274
732 200 286 287 289
733 200 271 287 289
734 200 301 302 304
735 200 286 302 304
736 200 316 317 319
737 200 301 317 319
738 200 331 332 334
739 200 316 332 334
740 200 346 347 349
741 200 331 347 349
742 200 361 362 364
743 200 346 362 364
744 200 376 377 379
745 200 361 377 379
746 200 391 392 394
747 200 376 392 394
748 200 406 407 409
749 200 391 407 409
750 200 421 422 424
751 200 406 422 424
752 200 436 437 439
753 200 421 437 439
754 200 451 452 454
755 200 436 452 454
756 200 466 467 469
757 200 451 467 469
758 200 481 482 484
759 200 466 482 484
760 200 496 497 499
761 200 481 497 499
762 200 511 512 514
763 200 496 512 514
764 200 526 527 529
765 200 511 527 529
766 200 541 542 544
767 200 526 542 544
768 200 556 557 559
769 200 541 557 559
770 200 571 572 574
771 200 556 572 574
772 200 586 587 589
773 200 571 587 589
774 200 601 602 604
775 200 586 602 604
776 200 616 617 619
777 200 601 617 619
778 200 631 632 634
779 200 616 632 634
780 200 646 647 649
781 200 631 647 649
782 200 661 662 664
783 200 646 662 664
784 200 676 677 679
785 200 661 677 679
786 200 691 692 694
787 200 676 692 694
788 200 706 707 709
789 200 691 707 709
790 200 721 722 724
791 200 706 722 724
792 200 736 737 739
793 200 721 737 739
794 200 751 752 754
795 200 766 767 769
796 200 751 767 769
797 200 781 782 784
798 200 766 782 784
799 200 796 797 799
800 200 781 797 799
801 200 811 812 814
802 200 796 812 814
803 200 826 827 829
804 200 811 827 829
805 200 841 842 844
806 200 826 842 844
807 200 856 857 859
808 200 841 857 859
809 200 871 872 874
810 200 856 872 874
811 200 886 887 889
812 200 871 887 889
813 200 901 902 904
814 200 886 902 904
815 200 916 917 919
816 200 901 917 919
817 200 931 932 934
818 200 916 932 934
819 200 946 947 949
820 200 931 947 949
821 200 961 962 964
822 200 946 962 964
823 200 976 977 979
824 200 961 977 979
825 200 991 992 994
826 200 976 992 994
827 200 1006 1007 1009
828 200 991 1007 1009
829 200 1021 1022 1024
830 200 1006 1022 1024
831 200 1036 1037 1039
832 200 1021 1037 1039
833 200 1051 1052 1054
834 200 1036 1052 1054
835 200 1066 1067 1069
836 200 1051 1067 1069
837 200 1081 1082 1084
838 200 1066 1082 1084
839 200 1096 1097 1099
840 200 1081 1097 1099
841 200 1111 1112 1114
842 200 1096 1112 1114
843 200 1126 1127 1129
844 200 1111 1127 1129
845 200 1141 1142 1144
846 200 1126 1142 1144
847 200 1156 1157 1159
848 200 1141 1157 1159
849 200 1171 1172 1174
850 200 1156 1172 1174
851 200 1186 1187 1189
852 200 1171 1187 1189
853 200 1201 1202 1204
854 200 1186 1202 1204
855 200 1216 1217 1219
856 200 1201 1217 1219
857 200 1231 1232 1234
858 200 1216 1232 1234
859 200 1246 1247 1249
860 200 1231 1247 1249
861 200 1261 1262 1264
862 200 1246 1262 1264
863 200 1276 1277 1279
864 200 1261 1277 1279
865 200 1291 1292 1294
866 200 1276 1292 1294
867 200 1306 1307 1309
868 200 1291 1307 1309
869 200 1321 1322 1324
870 200 1306 1322 1324
871 200 1336 1337 1339
872 200 1321 1337 1339
873 200 1351 1352 1354
874 200 1336 1352 1354
875 200 1366 1367 1369
876 200 1351 1367 1369
877 200 1381 1382 1384
878 200 1366 1382 1384
879 200 1396 1397 1399
880 200 1381 1397 1399
881 200 1411 1412 1414
882 200 1396 1412 1414
883 200 1426 1427 1429
884 200 1411 1427 1429
885 200 1441 1442 1444
886 200 1426 1442 1444
887 200 1456 1457 1459
888 200 1441 1457 1459
889 200 3 2 4
890 200 4 2 1471
891 200 18 17 19
892 200 33 32 34
893 200 48 47 49
894 200 63 62 64
895 200 78 77 79
896 200 93 92 94
897 200 108 107 109
898 200 123 122 124
899 200 138 137 139
900 200 153 152 154
901 200 168 167 169
902 200 183 182 184
903 200 198 197 199
904 200 213 212 214
905 200 228 227 229
906 200 243 242 244
907 200 258 257 259
908 200 273 272 274
909 200 288 287 289
910 200 303 302 304
911 200 318 317 319
912 200 333 332 334
913 200 348 347 349
914 200 363 362 364
915 200 378 377 379
916 200 393 392 394
917 200 408 407 409
918 200 423 422 424
919 200 438 437 439
920 200 453 452 454
921 200 468 467 469
922 200 483 482 484
923 200 498 497 499
924 200 513 512 514
925 200 528 527 529
926 200 543 542 544
927 200 558 557 559
928 200 573 572 574
929 200 588 587 589
930 200 603 602 604
931 200 618 617 619
932 200 633 632 634
933 200 648 647 649
934 200 663 662 664
935 200 678 677 679
936 200 693 692 694
937 200 708 707 709
938 200 723 722 724
939 200 738 737 739
940 200 753 752 754
941 200 768 767 769
942 200 783 782 784
943 200 798 797 799
944 200 813 812 814
945 200 828 827 829
946 200 843 842 844
947 200 858 857 859
948 200 873 872 874
949 200 888 887 889
950 200 903 902 904
951 200 918 917 919
952 200 933 932 934
953 200 948 947 949
954 200 963 962 964
955 200 978 977 979
956 200 993 992 994
957 200 1008 1007 1009
958 200 1023 1022 1024
959 200 1038 1037 1039
960 200 1053 1052 1054
961 200 1068 1067 1069
962 200 1083 1082 1084
963 200 1098 1097 1099
964 200 1113 1112 1114
965 200 1128 1127 1129
966 200 1143 1142 1144
967 200 1158 1157 1159
968 200 1173 1172 1174
969 200 1188 1187 1189
970 200 1203 1202 1204
971 200 1218 1217 1219
972 200 1233 1232 1234
973 200 1248 1247 1249
974 200 1263 1262 1264
975 200 1278 1277 1279
976 200 1293 1292 1294
977 200 1308 1307 1309
978 200 1323 1322 1324
979 200 1338 1337 1339
980 200 1353 1352 1354
981 200 1368 1367 1369
982 200 1383 1382 1384
983 200 1398 1397 1399
984 200 1413 1412 1414
985 200 1428 1427 1429
986 200 1443 1442 1444
987 200 1458 1457 1459
988 200 1471 1472 1474
989 200 1473 1472 1474
990 200 1486 1487 1489
991 200 1488 1487 1489
992 200 1456 1487 1489
993 220 8 1 9
994 220 23 16 24
995 220 38 31 39
996 220 53 46 54
997 220 68 61 69
998 220 83 76 84
999 220 98 91 99
1000 220 113 106 114
1001 220 128 121 129
1002 220 143 136 144
1003 220 158 151 159
1004 220 173 166 174
1005 220 188 181 189
1006 220 203 196 204
1007 220 218 211 219
1008 220 233 226 234
1009 220 248 241 249
1010 220 263 256 264
1011 220 278 271 279
1012 220 293 286 294
1013 220 308 301 309
1014 220 323 316 324
1015 220 338 331 339
1016 220 353 346 354
1017 220 368 361 369
1018 220 383 376 384
1019 220 398 391 399
1020 220 413 406 414
1021 220 428 421 429
1022 220 443 436 444
1023 220 458 451 459
1024 220 473 466 474
1025 220 488 481 489
1026 220 503 496 504
1027 220 518 511 519
1028 220 533 526 534
1029 220 548 541 549
1030 220 563 556 564
1031 220 578 571 579
1032 220 593 586 594
1033 220 608 601 609
1034 220 623 616 624
1035 220 638 631 639
1036 220 653 646 654
1037 220 668 661 669
1038 220 683 676 684
1039 220 698 691 699
1040 220 713 706 714
1041 220 728 721 729
1042 220 743 736 744
1043 220 758 751 759
1044 220 773 766 774
1045 220 788 781 789
1046 220 803 796 804
1047 220 818 811 819
1048 220 833 826 834
1049 220 848 841 849
1050 220 863 856 864
1051 220 878 871 879
1052 220 893 886 894
1053 220 908 901 909
1054 220 923 916 924
1055 220 938 931 939
1056 220 953 946 954
1057 220 968 961 969
1058 220 983 976 984
1059 220 998 991 999
1060 220 1013 1006 1014
1061 220 1028 1021 1029
1062 220 1043 1036 1044
1063 220 1058 1051 1059
1064 220 1073 1066 1074
1065 220 1088 1081 1089
1066 220 1103 1096 1104
1067 220 1118 1111 1119
1068 220 1133 1126 1134
1069 220 1148 1141 1149
1070 220 1163 1156 1164
1071 220 1178 1171 1179
1072 220 1193 1186 1194
1073 220 1208 1201 1209
1074 220 1223 1216 1224
1075 220 1238 1231 1239
1076 220 1253 1246 1254
1077 220 1268 1261 1269
1078 220 1283 1276 1284
1079 220 1298 1291 1299
1080 220 1313 1306 1314
1081 220 1328 1321 1329
1082 220 1343 1336 1344
1083 220 1358 1351 1359
1084 220 1373 1366 1374
1085 220 1388 1381 1389
1086 220 1403 1396 1404
1087 220 1418 1411 1419
1088 220 1433 1426 1434
1089 220 1448 1441 1449
1090 220 1463 1456 1464
1091 220 10 3 11
1092 220 10 3 12
1093 220 11 3 12
1094 220 25 18 26
1095 220 25 18 27
1096 220 26 18 27
1097 220 40 33 41
1098 220 40 33 42
1099 220 41 33 42
1100 220 55 48 56
1101 220 55 48 57
1102 220 56 48 57
1103 220 70 63 71
1104 220 70 63 72
1105 220 71 63 72
1106 220 85 78 86
1107 220 85 78 87
1108 220 86 78 87
1109 220 100 93 101
1110 220 100 93 102
1111 220 101 93 102
1112 220 115 108 116
1113 220 115 108 117
1114 220 116 108 117
1115 220 130 123 131
1116 220 130 123 132
1117 220 131 123 132
1118 220 145 138 146
1119 220 145 138 147
1120 220 146 138 147
1121 220 160 153 161
1122 220 160 153 162
1123 220 161 153 162
1124 220 175 168 176
1125 220 175 168 177
1126 220 176 168 177
1127 220 190 183 191
1128 220 190 183 192
1129 220 191 183 192
1130 220 205 198 206
1131 220 205 198 207
1132 220 206 198 207
1133 220 220 213 221
1134 220 220 213 222
1135 220 221 213 222
1136 220 235 228 236
1137 220 235 228 237
1138 220 236 228 237
1139 220 250 243 251
1140 220 250 243 252
1141 220 251 243 252
1142 220 265 258 266
1143 220 265 258 267
1144 220 266 258 267
1145 220 280 273 281
1146 220 280 273 282
1147 220 281 273 282
1148 220 295 288 296
1149 220 295 288 297
1150 220 296 288 297
1151 220 310 303 311
1152 220 310 303 312
1153 220 311 303 312
1154 220 325 318 326
1155 220 325 318 327
1156 220 326 318 327
1157 220 340 333 341
1158 220 340 333 342
1159 220 341 333 342
1160 220 355 348 356
1161 220 355 348 357
1162 220 356 348 357
1163 220 370 363 371
1164 220 370 363 372
1165 220 371 363 372
1166 220 385 378 386
1167 220 385 378 387
1168 220 386 378 387
1169 220 400 393 401
1170 220 400 393 402
1171 220 401 393 402
1172 220 415 408 416
1173 220 415 408 417
1174 220 416 408 417
1175 220 430 423 431
1176 220 430 423 432
1177 220 431 423 432
1178 220 445 438 446
1179 220 445 438 447
1180 220 446 438 447
1181 220 460 453 461
1182 220 460 453 462
1183 220 461 453 462
1184 220 475 468 476
1185 220 475 468 477
1186 220 476 468 477
1187 220 490 483 491
1188 220 490 483 492
1189 220 491 483 492
1190 220 505 498 506
1191 220 505 498 507
1192 220 506 498 507
1193 220 520 513 521
1194 220 520 513 522
1195 220 521 513 522
1196 220 535 528 536
1197 220 535 528 537
1198 220 536 528 537
1199 220 550 543 551
1200 220 550 543 552
1201 220 551 543 552
1202 220 565 558 566
1203 220 565 558 567
1204 220 566 558 567
1205 220 580 573 581
1206 220 580 573 582
1207 220 581 573 582
1208 220 595 588 596
1209 220 595 588 597
1210 220 596 588 597
1211 220 610 603 611
1212 220 610 603 612
1213 220 611 603 612
1214 220 625 618 626
1215 220 625 618 627
1216 220 626 618 627
1217 220 640 633 641
1218 220 640 633 642
1219 220 641 633 642
1220 220 655 648 656
1221 220 655 648 657
1222 220 656 648 657
1223 220 670 663 671
1224 220 670 663 672
1225 220 671 663 672
1226 220 685 678 686
1227 220 685 678 687
1228 220 686 678 687
1229 220 700 693 701
1230 220 700 693 702
1231 220 701 693 702
1232 220 715 708 716
1233 220 715 708 717
1234 220 716 708 717
1235 220 730 723 731
1236 220 730 723 732
1237 220 731 723 732
1238 220 745 738 746
1239 220 745 738 747
1240 220 746 738 747
1241 220 760 753 761
1242 220 760 753 762
1243 220 761 753 762
1244 220 775 768 776
1245 220 775 768 777
1246 220 776 768 777
1247 220 790 783 791
1248 220 790 783 792
1249 220 791 783 792
1250 220 805 798 806
1251 220 805 798 807
1252 220 806 798 807
1253 220 820 813 821
1254 220 820 813 822
1255 220 821 813 822
1256 220 835 828 836
1257 220 835 828 837
1258 220 836 828 837
1259 220 850 843 851
1260 220 850 843 852
1261 220 851 843 852
1262 220 865 858 866
1263 220 865 858 867
1264 220 866 858 867
1265 220 880 873 881
1266 220 880 873 882
1267 220 881 873 882
1268 220 895 888 896
1269 220 895 888 897
1270 220 896 888 897
1271 220 910 903 911
1272 220 910 903 912
1273 220 911 903 912
1274 220 925 918 926
1275 220 925 918 927
1276 220 926 918 927
1277 220 940 933 941
1278 220 940 933 942
1279 220 941 933 942
1280 220 955 948 956
1281 220 955 948 957
1282 220 956 948 957
1283 220 970 963 971
1284 220 970 963 972
1285 220 971 963 972
1286 220 985 978 986
1287 220 985 978 987
1288 220 986 978 987
1289 220 1000 993 1001
1290 220 1000 993 1002
1291 220 1001 993 1002
1292 220 1015 1008 1016
1293 220 1015 1008 1017
1294 220 1016 1008 1017
1295 220 1030 1023 1031
1296 220 1030 1023 1032
1297 220 1031 1023 1032
1298 220 1045 1038 1046
1299 220 1045 1038 1047
1300 220 1046 1038 1047
1301 220 1060 1053 1061
1302 220 1060 1053 1062
1303 220 1061 1053 1062
1304 220 1075 1068 1076
1305 220 1075 1068 1077
1306 220 1076 1068 1077
1307 220 1090 1083 1091
1308 220 1090 1083 1092
1309 220 1091 1083 1092
1310 220 1105 1098 1106
1311 220 1105 1098 1107
1312 220 1106 1098 1107
1313 220 1120 1113 1121
1314 220 1120 1113 1122
1315 220 1121 1113 1122
1316 220 1135 1128 1136
1317 220 1135 1128 1137
1318 220 1136 1128 1137
1319 220 1150 1143 1151
1320 220 1150 1143 1152
1321 220 1151 1143 1152
1322 220 1165 1158 1166
1323 220 1165 1158 1167
1324 220 1166 1158 1167
1325 220 1180 1173 1181
1326 220 1180 1173 1182
1327 220 1181 1173 1182
1328 220 1195 1188 1196
1329 220 1195 1188 1197
1330 220 1196 1188 1197
1331 220 1210 1203 1211
1332 220 1210 1203 1212
1333 220 1211 1203 1212
1334 220 1225 1218 1226
1335 220 1225 1218 1227
1336 220 1226 1218 1227
1337 220 1240 1233 1241
1338 220 1240 1233 1242
1339 220 1241 1233 1242
1340 220 1255 1248 1256
1341 220 1255 1248 1257
1342 220 1256 1248 1257
1343 220 1270 1263 1271
1344 220 1270 1263 1272
1345 220 1271 1263 1272
1346 220 1285 1278 1286
1347 220 1285 1278 1287
1348 220 1286 1278 1287
1349 220 1300 1293 1301
1350 220 1300 1293 1302
1351 220 1301 1293 1302
1352 220 1315 1308 1316
1353 220 1315 1308 1317
1354 220 1316 1308 1317
1355 220 1330 1323 1331
1356 220 1330 1323 1332
1357 220 1331 1323 1332
1358 220 1345 1338 1346
1359 220 1345 1338 1347
1360 220 1346 1338 1347
1361 220 1360 1353 1361
1362 220 1360 1353 1362
1363 220 1361 1353 1362
1364 220 1375 1368 1376
1365 220 1375 1368 1377
1366 220 1376 1368 1377
1367 220 1390 1383 1391
1368 220 1390 1383 1392
1369 220 1391 1383 1392
1370 220 1405 1398 1406
1371 220 1405 1398 1407
1372 220 1406 1398 1407
1373 220 1420 1413 1421
1374 220 1420 1413 1422
1375 220 1421 1413 1422
1376 220 1435 1428 1436
1377 220 1435 1428 1437
1378 220 1436 1428 1437
1379 220 1450 1443 1451
1380 220 1450 1443 1452
1381 220 1451 1443 1452
1382 220 1465 1458 1466
1383 220 1465 1458 1467
1384 220 1466 1458 1467
1385 220 1480 1473 1481
1386 220 1480 1473 1482
1387 220 1481 1473 1482
1388 220 1495 1488 1496
1389 220 1495 1488 1497
1390 220 1496 1488 1497
1391 220 13 7 14
1392 220 13 7 15
1393 220 14 7 15
1394 220 28 22 29
1395 220 28 22 30
1396 220 29 22 30
1397 220 43 37 44
1398 220 43 37 45
1399 220 44 37 45
1400 220 58 52 59
1401 220 58 52 60
1402 220 59 52 60
1403 220 73 67 74
1404 220 73 67 75
1405 220 74 67 75
1406 220 88 82 89
1407 220 88 82 90
1408 220 89 82 90
1409 220 103 97 104
1410 220 103 97 105
1411 220 104 97 105
1412 220 118 112 119
1413 220 118 112 120
1414 220 119 112 120
1415 220 133 127 134
1416 220 133 127 135
1417 220 134 127 135
1418 220 148 142 149
1419 220 148 142 150
1420 220 149 142 150
1421 220 163 157 164
1422 220 163 157 165
1423 220 164 157 165
1424 220 178 172 179
1425 220 178 172 180
1426 220 179 172 180
1427 220 193 187 194
1428 220 193 187 195
1429 220 194 187 195
1430 220 208 202 209
1431 220 208 202 210
1432 220 209 202 210
1433 220 223 217 224
1434 220 223 217 225
1435 220 224 217 225
1436 220 238 232 239
1437 220 238 232 240
1438 220 239 232 240
1439 220 253 247 254
1440 220 253 247 255
1441 220 254 247 255
1442 220 268 262 269
1443 220 268 262 270
1444 220 269 262 270
1445 220 283 277 284
1446 220 283 277 285
1447 220 284 277 285
1448 220 298 292 299
1449 220 298 292 300
1450 220 299 292 300
1451 220 313 307 314
1452 220 313 307 315
1453 220 314 307 315
1454 220 328 322 329
1455 220 328 322 330
1456 220 329 322 330
1457 220 343 337 344
1458 220 343 337 345
1459 220 344 337 345
1460 220 358 352 359
1461 220 358 352 360
1462 220 359 352 360
1463 220 373 367 374
1464 220 373 367 375
1465 220 374 367 375
1466 220 388 382 389
1467 220 388 382 390
1468 220 389 382 390
1469 220 403 397 404
1470 220 403 397 405
1471 220 404 397 405
1472 220 418 412 419
1473 220 418 412 420
1474 220 419 412 420
1475 220 433 427 434
1476 220 433 427 435
1477 220 434 427 435
1478 220 448 442 449
1479 220 448 442 450
1480 220 449 442 450
1481 220 463 457 464
1482 220 463 457 465
1483 220 464 457 465
1484 220 478 472 479
1485 220 478 472 480
1486 220 479 472 480
1487 220 493 487 494
1488 220 493 487 495
1489 220 494 487 495
1490 220 508 502 509
1491 220 508 502 510
1492 220 509 502 510
1493 220 523 517 524
1494 220 523 517 525
1495 220 524 517 525
1496 220 538 532 539
1497 220 538 532 540
1498 220 539 532 540
1499 220 553 547 554
1500 220 553 547 555
1501 220 554 547 555
1502 220 568 562 569
1503 220 568 562 570
1504 220 569 562 570
1505 220 583 577 584
1506 220 583 577 585
1507 220 584 577 585
1508 220 598 592 599
1509 220 598 592 600
1510 220 599 592 600
1511 220 613 607 614
1512 220 613 607 615
1513 220 614 607 615
1514 220 628 622 629
1515 220 628 622 630
1516 220 629 622 630
1517 220 643 637 644
1518 220 643 637 645
1519 220 644 637 645
1520 220 658 652 659
1521 220 658 652 660
1522 220 659 652 660
1523 220 673 667 674
1524 220 673 667 675
1525 220 674 667 675
1526 220 688 682 689
1527 220 688 682 690
1528 220 689 682 690
1529 220 703 697 704
1530 220 703 697 705
1531 220 704 697 705
1532 220 718 712 719
1533 220 718 712 720
1534 220 719 712 720
1535 220 733 727 734
1536 220 733 727 735
1537 220 734 727 735
1538 220 748 742 749
1539 220 748 742 750
1540 220 749 742 750
1541 220 763 757 764
1542 220 763 757 765
1543 220 764 757 765
1544 220 778 772 779
1545 220 778 772 780
1546 220 779 772 780
1547 220 793 787 794
1548 220 793 787 795
1549 220 794 787 795
1550 220 808 802 809
1551 220 808 802 810
1552 220 809 802 810
1553 220 823 817 824
1554 220 823 817 825
1555 220 824 817 825
1556 220 838 832 839
1557 220 838 832 840
1558 220 839 832 840
1559 220 853 847 854
1560 220 853 847 855
1561 220 854 847 855
1562 220 868 862 869
1563 220 868 862 870
1564 220 869 862 870
1565 220 883 877 884
1566 220 883 877 885
1567 220 884 877 885
1568 220 898 892 899
1569 220 898 892 900
1570 220 899 892 900
1571 220 913 907 914
1572 220 913 907 915
1573 220 914 907 915
1574 220 928 922 929
1575 220 928 922 930
1576 220 929 922 930
1577 220 943 937 944
1578 220 943 937 945
1579 220 944 937 945
1580 220 958 952 959
1581 220 958 952 960
1582 220 959 952 960
1583 220 973 967 974
1584 220 973 967 975
1585 220 974 967 975
1586 220 988 982 989
1587 220 988 982 990
1588 220 989 982 990
1589 220 1003 997 1004
1590 220 1003 997 1005
1591 220 1004 997 1005
1592 220 1018 1012 1019
1593 220 1018 1012 1020
1594 220 1019 1012 1020
1595 220 1033 1027 1034
1596 220 1033 1027 1035
1597 220 1034 1027 1035
1598 220 1048 1042 1049
1599 220 1048 1042 1050
1600 220 1049 1042 1050
1601 220 1063 1057 1064
1602 220 1063 1057 1065
1603 220 1064 1057 1065
1604 220 1078 1072 1079
1605 220 1078 1072 1080
1606 220 1079 1072 1080
1607 220 1093 1087 1094
1608 220 1093 1087 1095
1609 220 1094 1087 1095
1610 220 1108 1102 1109
1611 220 1108 1102 1110
1612 220 1109 1102 1110
1613 220 1123 1117 1124
1614 220 1123 1117 1125
1615 220 1124 1117 1125
1616 220 1138 1132 1139
1617 220 1138 1132 1140
1618 220 1139 1132 1140
1619 220 1153 1147 1154
1620 220 1153 1147 1155
1621 220 1154 1147 1155
1622 220 1168 1162 1169
1623 220 1168 1162 1170
1624 220 1169 1162 1170
1625 220 1183 1177 1184
1626 220 1183 1177 1185
1627 220 1184 1177 1185
1628 220 1198 1192 1199
1629 220 1198 1192 1200
1630 220 1199 1192 1200
1631 220 1213 1207 1214
1632 220 1213 1207 1215
1633 220 1214 1207 1215
1634 220 1228 1222 1229
1635 220 1228 1222 1230
1636 220 1229 1222 1230
1637 220 1243 1237 1244
1638 220 1243 1237 1245
1639 220 1244 1237 1245
1640 220 1258 1252 1259
1641 220 1258 1252 1260
1642 220 1259 1252 1260
1643 220 1273 1267 1274
1644 220 1273 1267 1275
1645 220 1274 1267 1275
1646 220 1288 1282 1289
1647 220 1288 1282 1290
1648 220 1289 1282 1290
1649 220 1303 1297 1304
1650 220 1303 1297 1305
1651 220 1304 1297 1305
1652 220 1318 1312 1319
1653 220 1318 1312 1320
1654 220 1319 1312 1320
1655 220 1333 1327 1334
1656 220 1333 1327 1335
1657 220 1334 1327 1335
1658 220 1348 1342 1349
1659 220 1348 1342 1350
1660 220 1349 1342 1350
1661 220 1363 1357 1364
1662 220 1363 1357 1365
1663 220 1364 1357 1365
1664 220 1378 1372 1379
1665 220 1378 1372 1380
1666 220 1379 1372 1380
1667 220 1393 1387 1394
1668 220 1393 1387 1395
1669 220 1394 1387 1395
1670 220 1408 1402 1409
1671 220 1408 1402 1410
1672 220 1409 1402 1410
1673 220 1423 1417 1424
1674 220 1423 1417 1425
1675 220 1424 1417 1425
1676 220 1438 1432 1439
1677 220 1438 1432 1440
1678 220 1439 1432 1440
1679 220 1453 1447 1454
1680 220 1453 1447 1455
1681 220 1454 1447 1455
1682 220 1468 1462 1469
1683 220 1468 1462 1470
1684 220 1469 1462 1470
1685 220 1483 1477 1484
1686 220 1483 1477 1485
1687 220 1484 1477 1485
1688 220 1498 1492 1499
1689 220 1498 1492 1500
1690 220 1499 1492 1500
1691 220 1478 1471 1479
1692 220 1493 1486 1494
1693 228 6 7 13
1694 228 6 7 14
1695 228 6 7 15
1696 228 21 22 28
1697 228 21 22 29
1698 228 21 22 30
1699 228 36 37 43
1700 228 36 37 44
1701 228 36 37 45
1702 228 51 52 58
1703 228 51 52 59
1704 228 51 52 60
1705 228 66 67 73
1706 228 66 67 74
1707 228 66 67 75
1708 228 81 82 88
1709 228 81 82 89
1710 228 81 82 90
1711 228 96 97 103
1712 228 96 97 104
1713 228 96 97 105
1714 228 111 112 118
1715 228 111 112 119
1716 228 111 112 120
1717 228 126 127 133
1718 228 126 127 134
1719 228 126 127 135
1720 228 141 142 148
1721 228 141 142 149
1722 228 141 142 150
1723 228 156 157 163
1724 228 156 157 164
1725 228 156 157 165
1726 228 171 172 178
1727 228 171 172 179
1728 228 171 172 180
1729 228 186 187 193
1730 228 186 187 194
1731 228 186 187 195
1732 228 201 202 208
1733 228 201 202 209
1734 228 201 202 210
1735 228 216 217 223
1736 228 216 217 224
1737 228 216 217 225
1738 228 231 232 238
1739 228 231 232 239
1740 228 231 232 240
1741 228 246 247 253
1742 228 246 247 254
1743 228 246 247 255
1744 228 261 262 268
1745 228 261 262 269
1746 228 261 262 270
1747 228 276 277 283
1748 228 276 277 284
1749 228 276 277 285
1750 228 291 292 298
1751 228 291 292 299
1752 228 291 292 300
1753 228 306 307 313
1754 228 306 307 314
1755 228 306 307 315
1756 228 321 322 328
1757 228 321 322 329
1758 228 321 322 330
1759 228 336 337 343
1760 228 336 337 344
1761 228 336 337 345
1762 228 351 352 358
1763 228 351 352 359
1764 228 351 352 360
1765 228 366 367 373
1766 228 366 367 374
1767 228 366 367 375
1768 228 381 382 388
1769 228 381 382 389
1770 228 381 382 390
1771 228 396 397 403
1772 228 396 397 404
1773 228 396 397 405
1774 228 411 412 418
1775 228 411 412 419
1776 228 411 412 420
1777 228 426 427 433
1778 228 426 427 434
1779 228 426 427 435
1780 228 441 442 448
1781 228 441 442 449
1782 228 441 442 450
1783 228 456 457 463
1784 228 456 457 464
1785 228 456 457 465
1786 228 471 472 478
1787 228 471 472 479
1788 228 471 472 480
1789 228 486 487 493
1790 228 486 487 494
1791 228 486 487 495
1792 228 501 502 508
1793 228 501 502 509
1794 228 501 502 510
1795 228 516 517 523
1796 228 516 517 524
1797 228 516 517 525
1798 228 531 532 538
1799 228 531 532 539
1800 228 531 532 540
1801 228 546 547 553
1802 228 546 547 554
1803 228 546 547 555
1804 228 561 562 568
1805 228 561 562 569
1806 228 561 562 570
1807 228 576 577 583
1808 228 576 577 584
1809 228 576 577 585
1810 228 591 592 598
1811 228 591 592 599
1812 228 591 592 600
1813 228 606 607 613
1814 228 606 607 614
1815 228 606 607 615
1816 228 621 622 628
1817 228 621 622 629
1818 228 621 622 630
1819 228 636 637 643
1820 228 636 637 644
1821 228 636 637 645
1822 228 651 652 658
1823 228 651 652 659
1824 228 651 652 660
1825 228 666 667 673
1826 228 666 667 674
1827 228 666 667 675
1828 228 681 682 688
1829 228 681 682 689
1830 228 681 682 690
1831 228 696 697 703
1832 228 696 697 704
1833 228 696 697 705
1834 228 711 712 718
1835 228 711 712 719
1836 228 711 712 720
1837 228 726 727 733
1838 228 726 727 734
1839 228 726 727 735
1840 228 741 742 748
1841 228 741 742 749
1842 228 741 742 750
1843 228 756 757 763
1844 228 756 757 764
1845 228 756 757 765
1846 228 771 772 778
1847 228 771 772 779
1848 228 771 772 780
1849 228 786 787 793
1850 228 786 787 794
1851 228 786 787 795
1852 228 801 802 808
1853 228 801 802 809
1854 228 801 802 810
1855 228 816 817 823
1856 228 816 817 824
1857 228 816 817 825
1858 228 831 832 838
1859 228 831 832 839
1860 228 831 832 840
1861 228 846 847 853
1862 228 846 847 854
1863 228 846 847 855
1864 228 861 862 868
1865 228 861 862 869
1866 228 861 862 870
1867 228 876 877 883
1868 228 876 877 884
1869 228 876 877 885
1870 228 891 892 898
1871 228 891 892 899
1872 228 891 892 900
1873 228 906 907 913
1874 228 906 907 914
1875 228 906 907 915
1876 228 921 922 928
1877 228 921 922 929
1878 228 921 922 930
1879 228 936 937 943
1880 228 936 937 944
1881 228 936 937 945
1882 228 951 952 958
1883 228 951 952 959
1884 228 951 952 960
1885 228 966 967 973
1886 228 966 967 974
1887 228 966 967 975
1888 228 981 982 988
1889 228 981 982 989
1890 228 981 982 990
1891 228 996 997 1003
1892 228 996 997 1004
1893 228 996 997 1005
1894 228 1011 1012 1018
1895 228 1011 1012 1019
1896 228 1011 1012 1020
1897 228 1026 1027 1033
1898 228 1026 1027 1034
1899 228 1026 1027 1035
1900 228 1041 1042 1048
1901 228 1041 1042 1049
1902 228 1041 1042 1050
1903 228 1056 1057 1063
1904 228 1056 1057 1064
1905 228 1056 1057 1065
1906 228 1071 1072 1078
1907 228 1071 1072 1079
1908 228 1071 1072 1080
1909 228 1086 1087 1093
1910 228 1086 1087 1094
1911 228 1086 1087 1095
1912 228 1101 1102 1108
1913 228 1101 1102 1109
1914 228 1101 1102 1110
1915 228 1116 1117 1123
1916 228 1116 1117 1124
1917 228 1116 1117 1125
1918 228 1131 1132 1138
1919 228 1131 1132 1139
1920 228 1131 1132 1140
1921 228 1146 1147 1153
1922 228 1146 1147 1154
1923 228 1146 1147 1155
1924 228 1161 1162 1168
1925 228 1161 1162 1169
1926 228 1161 1162 1170
1927 228 1176 1177 1183
1928 228 1176 1177 1184
1929 228 1176 1177 1185
1930 228 1191 1192 1198
1931 228 1191 1192 1199
1932 228 1191 1192 1200
1933 228 1206 1207 1213
1934 228 1206 1207 1214
1935 228 1206 1207 1215
1936 228 1221 1222 1228
1937 228 1221 1222 1229
1938 228 1221 1222 1230
1939 228 1236 1237 1243
1940 228 1236 1237 1244
1941 228 1236 1237 1245
1942 228 1251 1252 1258
1943 228 1251 1252 1259
1944 228 1251 1252 1260
1945 228 1266 1267 1273
1946 228 1266 1267 1274
1947 228 1266 1267 1275
1948 228 1281 1282 1288
1949 228 1281 1282 1289
1950 228 1281 1282 1290
1951 228 1296 1297 1303
1952 228 1296 1297 1304
1953 228 1296 1297 1305
1954 228 1311 1312 1318
1955 228 1311 1312 1319
1956 228 1311 1312 1320
1957 228 1326 1327 1333
1958 228 1326 1327 1334
1959 228 1326 1327 1335
1960 228 1341 1342 1348
1961 228 1341 1342 1349
1962 228 1341 1342 1350
1963 228 1356 1357 1363
1964 228 1356 1357 1364
1965 228 1356 1357 1365
1966 228 1371 1372 1378
1967 228 1371 1372 1379
1968 228 1371 1372 1380
1969 228 1386 1387 1393
1970 228 1386 1387 1394
1971 228 1386 1387 1395
1972 228 1401 1402 1408
1973 228 1401 1402 1409
1974 228 1401 1402 1410
1975 228 1416 1417 1423
1976 228 1416 1417 1424
1977 228 1416 1417 1425
1978 228 1431 1432 1438
1979 228 1431 1432 1439
1980 228 1431 1432 1440
1981 228 1446 1447 1453
1982 228 1446 1447 1454
1983 228 1446 1447 1455
1984 228 1461 1462 1468
1985 228 1461 1462 1469
1986 228 1461 1462 1470
1987 228 1476 1477 1483
1988 228 1476 1477 1484
1989 228 1476 1477 1485
1990 228 1491 1492 1498
1991 228 1491 1492 1499
1992 228 1491 1492 1500
1993 232 2 1 8
1994 232 2 1 9
1995 232 17 16 23
1996 232 17 16 24
1997 232 8 1 17
1998 232 9 1 17
1999 232 32 31 38
2000 232 32 31 39
2001 232 23 16 32
2002 232 24 16 32
2003 232 47 46 53
2004 232 47 46 54
2005 232 38 31 47
2006 232 39 31 47
2007 232 62 61 68
2008 232 62 61 69
2009 232 53 46 62
2010 232 54 46 62
2011 232 77 76 83
2012 232 77 76 84
2013 232 68 61 77
2014 232 69 61 77
2015 232 92 91 98
2016 232 92 91 99
2017 232 83 76 92
2018 232 84 76 92
2019 232 107 106 113
2020 232 107 106 114
2021 232 98 91 107
2022 232 99 91 107
2023 232 122 121 128
2024 232 122 121 129
2025 232 113 106 122
2026 232 114 106 122
2027 232 137 136 143
2028 232 137 136 144
2029 232 128 121 137
2030 232 129 121 137
2031 232 152 151 158
2032 232 152 151 159
2033 232 143 136 152
2034 232 144 136 152
2035 232 167 166 173
2036 232 167 166 174
2037 232 158 151 167
2038 232 159 151 167
2039 232 182 181 188
2040 232 182 181 189
2041 232 173 166 182
2042 232 174 166 182
2043 232 197 196 203
2044 232 197 196 204
2045 232 188 181 197
2046 232 189 181 197
2047 232 212 211 218
2048 232 212 211 219
2049 232 203 196 212
2050 232 204 196 212
2051 232 227 226 233
2052 232 227 226 234
2053 232 218 211 227
2054 232 219 211 227
2055 232 242 241 248
2056 232 242 241 249
2057 232 233 226 242
2058 232 234 226 242
2059 232 257 256 263
2060 232 257 256 264
2061 232 248 241 257
2062 232 249 241 257
2063 232 272 271 278
2064 232 272 271 279
2065 232 263 256 272
2066 232 264 256 272
2067 232 287 286 293
2068 232 287 286 294
2069 232 278 271 287
2070 232 279 271 287
2071 232 302 301 308
2072 232 302 301 309
2073 232 293 286 302
2074 232 294 286 302
2075 232 317 316 323
2076 232 317 316 324
2077 232 308 301 317
2078 232 309 301 317
2079 232 332 331 338
2080 232 332 331 339
2081 232 323 316 332
2082 232 324 316 332
2083 232 347 346 353
2084 232 347 346 354
2085 232 338 331 347
2086 232 339 331 347
2087 232 362 361 368
2088 232 362 361 369
2089 232 353 346 362
2090 232 354 346 362
2091 232 377 376 383
2092 232 377 376 384
2093 232 368 361 377
2094 232 369 361 377
2095 232 392 391 398
2096 232 392 391 399
2097 232 383 376 392
2098 232 384 376 392
2099 232 407 406 413
2100 232 407 406 414
2101 232 398 391 407
2102 232 399 391 407
2103 232 422 421 428
2104 232 422 421 429
2105 232 413 406 422
2106 232 414 406 422
2107 232 437 436 443
2108 232 437 436 444
2109 232 428 421 437
2110 232 429 421 437
2111 232 452 451 458
2112 232 452 451 459
2113 232 443 436 452
2114 232 444 436 452
2115 232 467 466 473
2116 232 467 466 474
2117 232 458 451 467
2118 232 459 451 467
2119 232 482 481 488
2120 232 482 481 489
2121 232 473 466 482
2122 232 474 466 482
2123 232 497 496 503
2124 232 497 496 504
2125 232 488 481 497
2126 232 489 481 497
2127 232 512 511 518
2128 232 512 511 519
2129 232 503 496 512
2130 232 504 496 512
2131 232 527 526 533
2132 232 527 526 534
2133 232 518 511 527
2134 232 519 511 527
2135 232 542 541 548
2136 232 542 541 549
2137 232 533 526 542
2138 232 534 526 542
2139 232 557 556 563
2140 232 557 556 564
2141 232 548 541 557
2142 232 549 541 557
2143 232 572 571 578
2144 232 572 571 579
2145 232 563 556 572
2146 232 564 556 572
2147 232 587 586 593
2148 232 587 586 594
2149 232 578 571 587
2150 232 579 571 587
2151 232 602 601 608
2152 232 602 601 609
2153 232 593 586 602
2154 232 594 586 602
2155 232 617 616 623
2156 232 617 616 624
2157 232 608 601 617
2158 232 609 601 617
2159 232 632 631 638
2160 232 632 631 639
2161 232 623 616 632
2162 232 624 616 632
2163 232 647 646 653
2164 232 647 646 654
2165 232 638 631 647
2166 232 639 631 647
2167 232 662 661 668
2168 232 662 661 669
2169 232 653 646 662
2170 232 654 646 662
2171 232 677 676 683
2172 232 677 676 684
2173 232 668 661 677
2174 232 669 661 677
2175 232 692 691 698
2176 232 692 691 699
2177 232 683 676 692
2178 232 684 676 692
2179 232 707 706 713
2180 232 707 706 714
2181 232 698 691 707
2182 232 699 691 707
2183 232 722 721 728
2184 232 722 721 729
2185 232 713 706 722
2186 232 714 706 722
2187 232 737 736 743
2188 232 737 736 744
2189 232 728 721 737
2190 232 729 721 737
2191 232 752 751 758
2192 232 752 751 759
2193 232 767 766 773
2194 232 767 766 774
2195 232 758 751 767
2196 232 759 751 767
2197 232 782 781 788
2198 232 782 781 789
2199 232 773 766 782
2200 232 774 766 782
2201 232 797 796 803
2202 232 797 796 804
2203 232 788 781 797
2204 232 789 781 797
2205 232 812 811 818
2206 232 812 811 819
2207 232 803 796 812
2208 232 804 796 812
2209 232 827 826 833
2210 232 827 826 834
2211 232 818 811 827
2212 232 819 811 827
2213 232 842 841 848
2214 232 842 841 849
2215 232 833 826 842
2216 232 834 826 842
2217 232 857 856 863
2218 232 857 856 864
2219 232 848 841 857
2220 232 849 841 857
2221 232 872 871 878
2222 232 872 871 879
2223 232 863 856 872
2224 232 864 856 872
2225 232 887 886 893
2226 232 887 886 894
2227 232 878 871 887
2228 232 879 871 887
2229 232 902 901 908
2230 232 902 901 909
2231 232 893 886 902
2232 232 894 886 902
2233 232 917 916 923
2234 232 917 916 924
2235 232 908 901 917
2236 232 909 901 917
2237 232 932 931 938
2238 232 932 931 939
2239 232 923 916 932
2240 232 924 916 932
2241 232 947 946 953
2242 232 947 946 954
2243 232 938 931 947
2244 232 939 931 947
2245 232 962 961 968
2246 232 962 961 969
2247 232 953 946 962
2248 232 954 946 962
2249 232 977 976 983
2250 232 977 976 984
2251 232 968 961 977
2252 232 969 961 977
2253 232 992 991 998
2254 232 992 991 999
2255 232 983 976 992
2256 232 984 976 992
2257 232 1007 1006 1013
2258 232 1007 1006 1014
2259 232 998 991 1007
2260 232 999 991 1007
2261 232 1022 1021 1028
2262 232 1022 1021 1029
2263 232 1013 1006 1022
2264 232 1014 1006 1022
2265 232 1037 1036 1043
2266 232 1037 1036 1044
2267 232 1028 1021 1037
2268 232 1029 1021 1037
2269 232 1052 1051 1058
2270 232 1052 1051 1059
2271 232 1043 1036 1052
2272 232 1044 1036 1052
2273 232 1067 1066 1073
2274 232 1067 1066 1074
2275 232 1058 1051 1067
2276 232 1059 1051 1067
2277 232 1082 1081 1088
2278 232 1082 1081 1089
2279 232 1073 1066 1082
2280 232 1074 1066 1082
2281 232 1097 1096 1103
2282 232 1097 1096 1104
2283 232 1088 1081 1097
2284 232 1089 1081 1097
2285 232 1112 1111 1118
2286 232 1112 1111 1119
2287 232 1103 1096 1112
2288 232 1104 1096 1112
2289 232 1127 1126 1133
2290 232 1127 1126 1134
2291 232 1118 1111 1127
2292 232 1119 1111 1127
2293 232 1142 1141 1148
2294 232 1142 1141 1149
2295 232 1133 1126 1142
2296 232 1134 1126 1142
2297 232 1157 1156 1163
2298 232 1157 1156 1164
2299 232 1148 1141 1157
2300 232 1149 1141 1157
2301 232 1172 1171 1178
2302 232 1172 1171 1179
2303 232 1163 1156 1172
2304 232 1164 1156 1172
2305 232 1187 1186 1193
2306 232 1187 1186 1194
2307 232 1178 1171 1187
2308 232 1179 1171 1187
2309 232 1202 1201 1208
2310 232 1202 1201 1209
2311 232 1193 1186 1202
2312 232 1194 1186 1202
2313 232 1217 1216 1223
2314 232 1217 1216 1224
2315 232 1208 1201 1217
2316 232 1209 1201 1217
2317 232 1232 1231 1238
2318 232 1232 1231 1239
2319 232 1223 1216 1232
2320 232 1224 1216 1232
2321 232 1247 1246 1253
2322 232 1247 1246 1254
2323 232 1238 1231 1247
2324 232 1239 1231 1247
2325 232 1262 1261 1268
2326 232 1262 1261 1269
2327 232 1253 1246 1262
2328 232 1254 1246 1262
2329 232 1277 1276 1283
2330 232 1277 1276 1284
2331 232 1268 1261 1277
2332 232 1269 1261 1277
2333 232 1292 1291 1298
2334 232 1292 1291 1299
2335 232 1283 1276 1292
2336 232 1284 1276 1292
2337 232 1307 1306 1313
2338 232 1307 1306 1314
2339 232 1298 1291 1307
2340 232 1299 1291 1307
2341 232 1322 1321 1328
2342 232 1322 1321 1329
2343 232 1313 1306 1322
2344 232 1314 1306 1322
2345 232 1337 1336 1343
2346 232 1337 1336 1344
2347 232 1328 1321 1337
2348 232 1329 1321 1337
2349 232 1352 1351 1358
2350 232 1352 1351 1359
2351 232 1343 1336 1352
2352 232 1344 1336 1352
2353 232 1367 1366 1373
2354 232 1367 1366 1374
2355 232 1358 1351 1367
2356 232 1359 1351 1367
2357 232 1382 1381 1388
2358 232 1382 1381 1389
2359 232 1373 1366 1382
2360 232 1374 1366 1382
2361 232 1397 1396 1403
2362 232 1397 1396 1404
2363 232 1388 1381 1397
2364 232 1389 1381 1397
2365 232 1412 1411 1418
2366 232 1412 1411 1419
2367 232 1403 1396 1412
2368 232 1404 1396 1412
2369 232 1427 1426 1433
2370 232 1427 1426 1434
2371 232 1418 1411 1427
2372 232 1419 1411 1427
2373 232 1442 1441 1448
2374 232 1442 1441 1449
2375 232 1433 1426 1442
2376 232 1434 1426 1442
2377 232 1457 1456 1463
2378 232 1457 1456 1464
2379 232 1448 1441 1457
2380 232 1449 1441 1457
2381 232 2 3 10
2382 232 2 3 11
2383 232 2 3 12
2384 232 17 18 25
2385 232 17 18 26
2386 232 17 18 27
2387 232 32 33 40
2388 232 32 33 41
2389 232 32 33 42
2390 232 47 48 55
2391 232 47 48 56
2392 232 47 48 57
2393 232 62 63 70
2394 232 62 63 71
2395 232 62 63 72
2396 232 77 78 85
2397 232 77 78 86
2398 232 77 78 87
2399 232 92 93 100
2400 232 92 93 101
2401 232 92 93 102
2402 232 107 108 115
2403 232 107 108 116
2404 232 107 108 117
2405 232 122 123 130
2406 232 122 123 131
2407 232 122 123 132
2408 232 137 138 145
2409 232 137 138 146
2410 232 137 138 147
2411 232 152 153 160
2412 232 152 153 161
2413 232 152 153 162
2414 232 167 168 175
2415 232 167 168 176
2416 232 167 168 177
2417 232 182 183 190
2418 232 182 183 191
2419 232 182 183 192
2420 232 197 198 205
2421 232 197 198 206
2422 232 197 198 207
2423 232 212 213 220
2424 232 212 213 221
2425 232 212 213 222
2426 232 227 228 235
2427 232 227 228 236
2428 232 227 228 237
2429 232 242 243 250
2430 232 242 243 251
2431 232 242 243 252
2432 232 257 258 265
2433 232 257 258 266
2434 232 257 258 267
2435 232 272 273 280
2436 232 272 273 281
2437 232 272 273 282
2438 232 287 288 295
2439 232 287 288 296
2440 232 287 288 297
2441 232 302 303 310
2442 232 302 303 311
2443 232 302 303 312
2444 232 317 318 325
2445 232 317 318 326
2446 232 317 318 327
2447 232 332 333 340
2448 232 332 333 341
2449 232 332 333 342
2450 232 347 348 355
2451 232 347 348 356
2452 232 347 348 357
2453 232 362 363 370
2454 232 362 363 371
2455 232 362 363 372
2456 232 377 378 385
2457 232 377 378 386
2458 232 377 378 387
2459 232 392 393 400
2460 232 392 393 401
2461 232 392 393 402
2462 232 407 408 415
2463 232 407 408 416
2464 232 407 408 417
2465 232 422 423 430
2466 232 422 423 431
2467 232 422 423 432
2468 232 437 438 445
2469 232 437 438 446
2470 232 437 438 447
2471 232 452 453 460
2472 232 452 453 461
2473 232 452 453 462
2474 232 467 468 475
2475 232 467 468 476
2476 232 467 468 477
2477 232 482 483 490
2478 232 482 483 491
2479 232 482 483 492
2480 232 497 498 505
2481 232 497 498 506
2482 232 497 498 507
2483 232 512 513 520
2484 232 512 513 521
2485 232 512 513 522
2486 232 527 528 535
2487 232 527 528 536
2488 232 527 528 537
2489 232 542 543 550
2490 232 542 543 551
2491 232 542 543 552
2492 232 557 558 565
2493 232 557 558 566
2494 232 557 558 567
2495 232 572 573 580
2496 232 572 573 581
2497 232 572 573 582
2498 232 587 588 595
2499 232 587 588 596
2500 232 587 588 597
2501 232 602 603 610
2502 232 602 603 611
2503 232 602 603 612
2504 232 617 618 625
2505 232 617 618 626
2506 232 617 618 627
2507 232 632 633 640
2508 232 632 633 641
2509 232 632 633 642
2510 232 647 648 655
2511 232 647 648 656
2512 232 647 648 657
2513 232 662 663 670
2514 232 662 663 671
2515 232 662 663 672
2516 232 677 678 685
2517 232 677 678 686
2518 232 677 678 687
2519 232 692 693 700
2520 232 692 693 701
2521 232 692 693 702
2522 232 707 708 715
2523 232 707 708 716
2524 232 707 708 717
2525 232 722 723 730
2526 232 722 723 731
2527 232 722 723 732
2528 232 737 738 745
2529 232 737 738 746
2530 232 737 738 747
2531 232 752 753 760
2532 232 752 753 761
2533 232 752 753 762
2534 232 767 768 775
2535 232 767 768 776
2536 232 767 768 777
2537 232 782 783 790
2538 232 782 783 791
2539 232 782 783 792
2540 232 797 798 805
2541 232 797 798 806
2542 232 797 798 807
2543 232 812 813 820
2544 232 812 813 821
2545 232 812 813 822
2546 232 827 828 835
2547 232 827 828 836
2548 232 827 828 837
2549 232 842 843 850
2550 232 842 843 851
2551 232 842 843 852
2552 232 857 858 865
2553 232 857 858 866
2554 232 857 858 867
2555 232 872 873 880
2556 232 872 873 881
2557 232 872 873 882
2558 232 887 888 895
2559 232 887 888 896
2560 232 887 888 897
2561 232 902 903 910
2562 232 902 903 911
2563 232 902 903 912
2564 232 917 918 925
2565 232 917 918 926
2566 232 917 918 927
2567 232 932 933 940
2568 232 932 933 941
2569 232 932 933 942
2570 232 947 948 955
2571 232 947 948 956
2572 232 947 948 957
2573 232 962 963 970
2574 232 962 963 971
2575 232 962 963 972
2576 232 977 978 985
2577 232 977 978 986
2578 232 977 978 987
2579 232 992 993 1000
2580 232 992 993 1001
2581 232 992 993 1002
2582 232 1007 1008 1015
2583 232 1007 1008 1016
2584 232 1007 1008 1017
2585 232 1022 1023 1030
2586 232 1022 1023 1031
2587 232 1022 1023 1032
2588 232 1037 1038 1045
2589 232 1037 1038 1046
2590 232 1037 1038 1047
2591 232 1052 1053 1060
2592 232 1052 1053 1061
2593 232 1052 1053 1062
2594 232 1067 1068 1075
2595 232 1067 1068 1076
2596 232 1067 1068 1077
2597 232 1082 1083 1090
2598 232 1082 1083 1091
2599 232 1082 1083 1092
2600 232 1097 1098 1105
2601 232 1097 1098 1106
2602 232 1097 1098 1107
2603 232 1112 1113 1120
2604 232 1112 1113 1121
2605 232 1112 1113 1122
2606 232 1127 1128 1135
2607 232 1127 1128 1136
2608 232 1127 1128 1137
2609 232 1142 1143 1150
2610 232 1142 1143 1151
2611 232 1142 1143 1152
2612 232 1157 1158 1165
2613 232 1157 1158 1166
2614 232 1157 1158 1167
2615 232 1172 1173 1180
2616 232 1172 1173 1181
2617 232 1172 1173 1182
2618 232 1187 1188 1195
2619 232 1187 1188 1196
2620 232 1187 1188 1197
2621 232 1202 1203 1210
2622 232 1202 1203 1211
2623 232 1202 1203 1212
2624 232 1217 1218 1225
2625 232 1217 1218 1226
2626 232 1217 1218 1227
2627 232 1232 1233 1240
2628 232 1232 1233 1241
2629 232 1232 1233 1242
2630 232 1247 1248 1255
2631 232 1247 1248 1256
2632 232 1247 1248 1257
2633 232 1262 1263 1270
2634 232 1262 1263 1271
2635 232 1262 1263 1272
2636 232 1277 1278 1285
2637 232 1277 1278 1286
2638 232 1277 1278 1287
2639 232 1292 1293 1300
2640 232 1292 1293 1301
2641 232 1292 1293 1302
2642 232 1307 1308 1315
2643 232 1307 1308 1316
2644 232 1307 1308 1317
2645 232 1322 1323 1330
2646 232 1322 1323 1331
2647 232 1322 1323 1332
2648 232 1337 1338 1345
2649 232 1337 1338 1346
2650 232 1337 1338 1347
2651 232 1352 1353 1360
2652 232 1352 1353 1361
2653 232 1352 1353 1362
2654 232 1367 1368 1375
2655 232 1367 1368 1376
2656 232 1367 1368 1377
2657 232 1382 1383 1390
2658 232 1382 1383 1391
2659 232 1382 1383 1392
2660 232 1397 1398 1405
2661 232 1397 1398 1406
2662 232 1397 1398 1407
2663 232 1412 1413 1420
2664 232 1412 1413 1421
2665 232 1412 1413 1422
2666 232 1427 1428 1435
2667 232 1427 1428 1436
2668 232 1427 1428 1437
2669 232 1442 1443 1450
2670 232 1442 1443 1451
2671 232 1442 1443 1452
2672 232 1457 1458 1465
2673 232 1457 1458 1466
2674 232 1457 1458 1467
2675 232 2 1471 1478
2676 232 2 1471 1479
2677 232 1472 1471 1478
2678 232 1472 1471 1479
2679 232 1487 1486 1493
2680 232 1487 1486 1494
2681 232 1472 1473 1480
2682 232 1472 1473 1481
2683 232 1472 1473 1482
2684 232 1487 1488 1495
2685 232 1487 1488 1496
2686 232 1487 1488 1497
2687 232 1463 1456 1487
2688 232 1464 1456 1487
2689 398 4 6 7
2690 398 19 21 22
2691 398 34 36 37
2692 398 49 51 52
2693 398 64 66 67
2694 398 79 81 82
2695 398 94 96 97
2696 398 109 111 112
2697 398 124 126 127
2698 398 139 141 142
2699 398 154 156 157
2700 398 169 171 172
2701 398 184 186 187
2702 398 199 201 202
2703 398 214 216 217
2704 398 229 231 232
2705 398 244 246 247
2706 398 259 261 262
2707 398 274 276 277
2708 398 289 291 292
2709 398 304 306 307
2710 398 319 321 322
2711 398 334 336 337
2712 398 349 351 352
2713 398 364 366 367
2714 398 379 381 382
2715 398 394 396 397
2716 398 409 411 412
2717 398 424 426 427
2718 398 439 441 442
2719 398 454 456 457
2720 398 469 471 472
2721 398 484 486 487
2722 398 499 501 502
2723 398 514 516 517
2724 398 529 531 532
2725 398 544 546 547
2726 398 559 561 562
2727 398 574 576 577
2728 398 589 591 592
2729 398 604 606 607
2730 398 619 621 622
2731 398 634 636 637
2732 398 649 651 652
2733 398 664 666 667
2734 398 679 681 682
2735 398 694 696 697
2736 398 709 711 712
2737 398 724 726 727
2738 398 739 741 742
2739 398 754 756 757
2740 398 769 771 772
2741 398 784 786 787
2742 398 799 801 802
2743 398 814 816 817
2744 398 829 831 832
2745 398 844 846 847
2746 398 859 861 862
2747 398 874 876 877
2748 398 889 891 892
2749 398 904 906 907
2750 398 919 921 922
2751 398 934 936 937
2752 398 949 951 952
2753 398 964 966 967
2754 398 979 981 982
2755 398 994 996 997
2756 398 1009 1011 1012
2757 398 1024 1026 1027
2758 398 1039 1041 1042
2759 398 1054 1056 1057
2760 398 1069 1071 1072
2761 398 1084 1086 1087
2762 398 1099 1101 1102
2763 398 1114 1116 1117
2764 398 1129 1131 1132
2765 398 1144 1146 1147
2766 398 1159 1161 1162
2767 398 1174 1176 1177
2768 398 1189 1191 1192
2769 398 1204 1206 1207
2770 398 1219 1221 1222
2771 398 1234 1236 1237
2772 398 1249 1251 1252
2773 398 1264 1266 1267
2774 398 1279 1281 1282
2775 398 1294 1296 1297
2776 398 1309 1311 1312
2777 398 1324 1326 1327
2778 398 1339 1341 1342
2779 398 1354 1356 1357
2780 398 1369 1371 1372
2781 398 1384 1386 1387
2782 398 1399 1401 1402
2783 398 1414 1416 1417
2784 398 1429 1431 1432
2785 398 1444 1446 1447
2786 398 1459 1461 1462
2787 398 1474 1476 1477
2788 398 1489 1491 1492
