        1    1    2
        2    2    3
        3    2    4
        4    4    5
        5    4    6
        6    6    7
        7    1    8
        8    1    9
        9    3    10
        10    3    11
        11    3    12
        12    7    13
        13    7    14
        14    7    15
        15    16    17
        16    17    18
        17    17    19
        18    19    20
        19    19    21
        20    21    22
        21    16    23
        22    16    24
        23    18    25
        24    18    26
        25    18    27
        26    22    28
        27    22    29
        28    22    30
        29    31    32
        30    32    33
        31    32    34
        32    34    35
        33    34    36
        34    36    37
        35    31    38
        36    31    39
        37    33    40
        38    33    41
        39    33    42
        40    37    43
        41    37    44
        42    37    45
        43    46    47
        44    47    48
        45    47    49
        46    49    50
        47    49    51
        48    51    52
        49    46    53
        50    46    54
        51    48    55
        52    48    56
        53    48    57
        54    52    58
        55    52    59
        56    52    60
        57    61    62
        58    62    63
        59    62    64
        60    64    65
        61    64    66
        62    66    67
        63    61    68
        64    61    69
        65    63    70
        66    63    71
        67    63    72
        68    67    73
        69    67    74
        70    67    75
        71    76    77
        72    77    78
        73    77    79
        74    79    80
        75    79    81
        76    81    82
        77    76    83
        78    76    84
        79    78    85
        80    78    86
        81    78    87
        82    82    88
        83    82    89
        84    82    90
        85    91    92
        86    92    93
        87    92    94
        88    94    95
        89    94    96
        90    96    97
        91    91    98
        92    91    99
        93    93    100
        94    93    101
        95    93    102
        96    97    103
        97    97    104
        98    97    105
        99    106    107
        100    107    108
        101    107    109
        102    109    110
        103    109    111
        104    111    112
        105    106    113
        106    106    114
        107    108    115
        108    108    116
        109    108    117
        110    112    118
        111    112    119
        112    112    120
        113    121    122
        114    122    123
        115    122    124
        116    124    125
        117    124    126
        118    126    127
        119    121    128
        120    121    129
        121    123    130
        122    123    131
        123    123    132
        124    127    133
        125    127    134
        126    127    135
        127    136    137
        128    137    138
        129    137    139
        130    139    140
        131    139    141
        132    141    142
        133    136    143
        134    136    144
        135    138    145
        136    138    146
        137    138    147
        138    142    148
        139    142    149
        140    142    150
        141    151    152
        142    152    153
        143    152    154
        144    154    155
        145    154    156
        146    156    157
        147    151    158
        148    151    159
        149    153    160
        150    153    161
        151    153    162
        152    157    163
        153    157    164
        154    157    165
        155    166    167
        156    167    168
        157    167    169
        158    169    170
        159    169    171
        160    171    172
        161    166    173
        162    166    174
        163    168    175
        164    168    176
        165    168    177
        166    172    178
        167    172    179
        168    172    180
        169    181    182
        170    182    183
        171    182    184
        172    184    185
        173    184    186
        174    186    187
        175    181    188
        176    181    189
        177    183    190
        178    183    191
        179    183    192
        180    187    193
        181    187    194
        182    187    195
        183    196    197
        184    197    198
        185    197    199
        186    199    200
        187    199    201
        188    201    202
        189    196    203
        190    196    204
        191    198    205
        192    198    206
        193    198    207
        194    202    208
        195    202    209
        196    202    210
        197    211    212
        198    212    213
        199    212    214
        200    214    215
        201    214    216
        202    216    217
        203    211    218
        204    211    219
        205    213    220
        206    213    221
        207    213    222
        208    217    223
        209    217    224
        210    217    225
        211    226    227
        212    227    228
        213    227    229
        214    229    230
        215    229    231
        216    231    232
        217    226    233
        218    226    234
        219    228    235
        220    228    236
        221    228    237
        222    232    238
        223    232    239
        224    232    240
        225    241    242
        226    242    243
        227    242    244
        228    244    245
        229    244    246
        230    246    247
        231    241    248
        232    241    249
        233    243    250
        234    243    251
        235    243    252
        236    247    253
        237    247    254
        238    247    255
        239    256    257
        240    257    258
        241    257    259
        242    259    260
        243    259    261
        244    261    262
        245    256    263
        246    256    264
        247    258    265
        248    258    266
        249    258    267
        250    262    268
        251    262    269
        252    262    270
        253    271    272
        254    272    273
        255    272    274
        256    274    275
        257    274    276
        258    276    277
        259    271    278
        260    271    279
        261    273    280
        262    273    281
        263    273    282
        264    277    283
        265    277    284
        266    277    285
        267    286    287
        268    287    288
        269    287    289
        270    289    290
        271    289    291
        272    291    292
        273    286    293
        274    286    294
        275    288    295
        276    288    296
        277    288    297
        278    292    298
        279    292    299
        280    292    300
        281    301    302
        282    302    303
        283    302    304
        284    304    305
        285    304    306
        286    306    307
        287    301    308
        288    301    309
        289    303    310
        290    303    311
        291    303    312
        292    307    313
        293    307    314
        294    307    315
        295    316    317
        296    317    318
        297    317    319
        298    319    320
        299    319    321
        300    321    322
        301    316    323
        302    316    324
        303    318    325
        304    318    326
        305    318    327
        306    322    328
        307    322    329
        308    322    330
        309    331    332
        310    332    333
        311    332    334
        312    334    335
        313    334    336
        314    336    337
        315    331    338
        316    331    339
        317    333    340
        318    333    341
        319    333    342
        320    337    343
        321    337    344
        322    337    345
        323    346    347
        324    347    348
        325    347    349
        326    349    350
        327    349    351
        328    351    352
        329    346    353
        330    346    354
        331    348    355
        332    348    356
        333    348    357
        334    352    358
        335    352    359
        336    352    360
        337    361    362
        338    362    363
        339    362    364
        340    364    365
        341    364    366
        342    366    367
        343    361    368
        344    361    369
        345    363    370
        346    363    371
        347    363    372
        348    367    373
        349    367    374
        350    367    375
        351    376    377
        352    377    378
        353    377    379
        354    379    380
        355    379    381
        356    381    382
        357    376    383
        358    376    384
        359    378    385
        360    378    386
        361    378    387
        362    382    388
        363    382    389
        364    382    390
        365    391    392
        366    392    393
        367    392    394
        368    394    395
        369    394    396
        370    396    397
        371    391    398
        372    391    399
        373    393    400
        374    393    401
        375    393    402
        376    397    403
        377    397    404
        378    397    405
        379    406    407
        380    407    408
        381    407    409
        382    409    410
        383    409    411
        384    411    412
        385    406    413
        386    406    414
        387    408    415
        388    408    416
        389    408    417
        390    412    418
        391    412    419
        392    412    420
        393    421    422
        394    422    423
        395    422    424
        396    424    425
        397    424    426
        398    426    427
        399    421    428
        400    421    429
        401    423    430
        402    423    431
        403    423    432
        404    427    433
        405    427    434
        406    427    435
        407    436    437
        408    437    438
        409    437    439
        410    439    440
        411    439    441
        412    441    442
        413    436    443
        414    436    444
        415    438    445
        416    438    446
        417    438    447
        418    442    448
        419    442    449
        420    442    450
        421    451    452
        422    452    453
        423    452    454
        424    454    455
        425    454    456
        426    456    457
        427    451    458
        428    451    459
        429    453    460
        430    453    461
        431    453    462
        432    457    463
        433    457    464
        434    457    465
        435    466    467
        436    467    468
        437    467    469
        438    469    470
        439    469    471
        440    471    472
        441    466    473
        442    466    474
        443    468    475
        444    468    476
        445    468    477
        446    472    478
        447    472    479
        448    472    480
        449    481    482
        450    482    483
        451    482    484
        452    484    485
        453    484    486
        454    486    487
        455    481    488
        456    481    489
        457    483    490
        458    483    491
        459    483    492
        460    487    493
        461    487    494
        462    487    495
        463    496    497
        464    497    498
        465    497    499
        466    499    500
        467    499    501
        468    501    502
        469    496    503
        470    496    504
        471    498    505
        472    498    506
        473    498    507
        474    502    508
        475    502    509
        476    502    510
        477    511    512
        478    512    513
        479    512    514
        480    514    515
        481    514    516
        482    516    517
        483    511    518
        484    511    519
        485    513    520
        486    513    521
        487    513    522
        488    517    523
        489    517    524
        490    517    525
        491    526    527
        492    527    528
        493    527    529
        494    529    530
        495    529    531
        496    531    532
        497    526    533
        498    526    534
        499    528    535
        500    528    536
        501    528    537
        502    532    538
        503    532    539
        504    532    540
        505    541    542
        506    542    543
        507    542    544
        508    544    545
        509    544    546
        510    546    547
        511    541    548
        512    541    549
        513    543    550
        514    543    551
        515    543    552
        516    547    553
        517    547    554
        518    547    555
        519    556    557
        520    557    558
        521    557    559
        522    559    560
        523    559    561
        524    561    562
        525    556    563
        526    556    564
        527    558    565
        528    558    566
        529    558    567
        530    562    568
        531    562    569
        532    562    570
        533    571    572
        534    572    573
        535    572    574
        536    574    575
        537    574    576
        538    576    577
        539    571    578
        540    571    579
        541    573    580
        542    573    581
        543    573    582
        544    577    583
        545    577    584
        546    577    585
        547    586    587
        548    587    588
        549    587    589
        550    589    590
        551    589    591
        552    591    592
        553    586    593
        554    586    594
        555    588    595
        556    588    596
        557    588    597
        558    592    598
        559    592    599
        560    592    600
        561    601    602
        562    602    603
        563    602    604
        564    604    605
        565    604    606
        566    606    607
        567    601    608
        568    601    609
        569    603    610
        570    603    611
        571    603    612
        572    607    613
        573    607    614
        574    607    615
        575    616    617
        576    617    618
        577    617    619
        578    619    620
        579    619    621
        580    621    622
        581    616    623
        582    616    624
        583    618    625
        584    618    626
        585    618    627
        586    622    628
        587    622    629
        588    622    630
        589    631    632
        590    632    633
        591    632    634
        592    634    635
        593    634    636
        594    636    637
        595    631    638
        596    631    639
        597    633    640
        598    633    641
        599    633    642
        600    637    643
        601    637    644
        602    637    645
        603    646    647
        604    647    648
        605    647    649
        606    649    650
        607    649    651
        608    651    652
        609    646    653
        610    646    654
        611    648    655
        612    648    656
        613    648    657
        614    652    658
        615    652    659
        616    652    660
        617    661    662
        618    662    663
        619    662    664
        620    664    665
        621    664    666
        622    666    667
        623    661    668
        624    661    669
        625    663    670
        626    663    671
        627    663    672
        628    667    673
        629    667    674
        630    667    675
        631    676    677
        632    677    678
        633    677    679
        634    679    680
        635    679    681
        636    681    682
        637    676    683
        638    676    684
        639    678    685
        640    678    686
        641    678    687
        642    682    688
        643    682    689
        644    682    690
        645    691    692
        646    692    693
        647    692    694
        648    694    695
        649    694    696
        650    696    697
        651    691    698
        652    691    699
        653    693    700
        654    693    701
        655    693    702
        656    697    703
        657    697    704
        658    697    705
        659    706    707
        660    707    708
        661    707    709
        662    709    710
        663    709    711
        664    711    712
        665    706    713
        666    706    714
        667    708    715
        668    708    716
        669    708    717
        670    712    718
        671    712    719
        672    712    720
        673    721    722
        674    722    723
        675    722    724
        676    724    725
        677    724    726
        678    726    727
        679    721    728
        680    721    729
        681    723    730
        682    723    731
        683    723    732
        684    727    733
        685    727    734
        686    727    735
        687    736    737
        688    737    738
        689    737    739
        690    739    740
        691    739    741
        692    741    742
        693    736    743
        694    736    744
        695    738    745
        696    738    746
        697    738    747
        698    742    748
        699    742    749
        700    742    750
        701    751    752
        702    752    753
        703    752    754
        704    754    755
        705    754    756
        706    756    757
        707    751    758
        708    751    759
        709    753    760
        710    753    761
        711    753    762
        712    757    763
        713    757    764
        714    757    765
        715    766    767
        716    767    768
        717    767    769
        718    769    770
        719    769    771
        720    771    772
        721    766    773
        722    766    774
        723    768    775
        724    768    776
        725    768    777
        726    772    778
        727    772    779
        728    772    780
        729    781    782
        730    782    783
        731    782    784
        732    784    785
        733    784    786
        734    786    787
        735    781    788
        736    781    789
        737    783    790
        738    783    791
        739    783    792
        740    787    793
        741    787    794
        742    787    795
        743    796    797
        744    797    798
        745    797    799
        746    799    800
        747    799    801
        748    801    802
        749    796    803
        750    796    804
        751    798    805
        752    798    806
        753    798    807
        754    802    808
        755    802    809
        756    802    810
        757    811    812
        758    812    813
        759    812    814
        760    814    815
        761    814    816
        762    816    817
        763    811    818
        764    811    819
        765    813    820
        766    813    821
        767    813    822
        768    817    823
        769    817    824
        770    817    825
        771    826    827
        772    827    828
        773    827    829
        774    829    830
        775    829    831
        776    831    832
        777    826    833
        778    826    834
        779    828    835
        780    828    836
        781    828    837
        782    832    838
        783    832    839
        784    832    840
        785    841    842
        786    842    843
        787    842    844
        788    844    845
        789    844    846
        790    846    847
        791    841    848
        792    841    849
        793    843    850
        794    843    851
        795    843    852
        796    847    853
        797    847    854
        798    847    855
        799    856    857
        800    857    858
        801    857    859
        802    859    860
        803    859    861
        804    861    862
        805    856    863
        806    856    864
        807    858    865
        808    858    866
        809    858    867
        810    862    868
        811    862    869
        812    862    870
        813    871    872
        814    872    873
        815    872    874
        816    874    875
        817    874    876
        818    876    877
        819    871    878
        820    871    879
        821    873    880
        822    873    881
        823    873    882
        824    877    883
        825    877    884
        826    877    885
        827    886    887
        828    887    888
        829    887    889
        830    889    890
        831    889    891
        832    891    892
        833    886    893
        834    886    894
        835    888    895
        836    888    896
        837    888    897
        838    892    898
        839    892    899
        840    892    900
        841    901    902
        842    902    903
        843    902    904
        844    904    905
        845    904    906
        846    906    907
        847    901    908
        848    901    909
        849    903    910
        850    903    911
        851    903    912
        852    907    913
        853    907    914
        854    907    915
        855    916    917
        856    917    918
        857    917    919
        858    919    920
        859    919    921
        860    921    922
        861    916    923
        862    916    924
        863    918    925
        864    918    926
        865    918    927
        866    922    928
        867    922    929
        868    922    930
        869    931    932
        870    932    933
        871    932    934
        872    934    935
        873    934    936
        874    936    937
        875    931    938
        876    931    939
        877    933    940
        878    933    941
        879    933    942
        880    937    943
        881    937    944
        882    937    945
        883    946    947
        884    947    948
        885    947    949
        886    949    950
        887    949    951
        888    951    952
        889    946    953
        890    946    954
        891    948    955
        892    948    956
        893    948    957
        894    952    958
        895    952    959
        896    952    960
        897    961    962
        898    962    963
        899    962    964
        900    964    965
        901    964    966
        902    966    967
        903    961    968
        904    961    969
        905    963    970
        906    963    971
        907    963    972
        908    967    973
        909    967    974
        910    967    975
        911    976    977
        912    977    978
        913    977    979
        914    979    980
        915    979    981
        916    981    982
        917    976    983
        918    976    984
        919    978    985
        920    978    986
        921    978    987
        922    982    988
        923    982    989
        924    982    990
        925    991    992
        926    992    993
        927    992    994
        928    994    995
        929    994    996
        930    996    997
        931    991    998
        932    991    999
        933    993    1000
        934    993    1001
        935    993    1002
        936    997    1003
        937    997    1004
        938    997    1005
        939    1006    1007
        940    1007    1008
        941    1007    1009
        942    1009    1010
        943    1009    1011
        944    1011    1012
        945    1006    1013
        946    1006    1014
        947    1008    1015
        948    1008    1016
        949    1008    1017
        950    1012    1018
        951    1012    1019
        952    1012    1020
        953    1021    1022
        954    1022    1023
        955    1022    1024
        956    1024    1025
        957    1024    1026
        958    1026    1027
        959    1021    1028
        960    1021    1029
        961    1023    1030
        962    1023    1031
        963    1023    1032
        964    1027    1033
        965    1027    1034
        966    1027    1035
        967    1036    1037
        968    1037    1038
        969    1037    1039
        970    1039    1040
        971    1039    1041
        972    1041    1042
        973    1036    1043
        974    1036    1044
        975    1038    1045
        976    1038    1046
        977    1038    1047
        978    1042    1048
        979    1042    1049
        980    1042    1050
        981    1051    1052
        982    1052    1053
        983    1052    1054
        984    1054    1055
        985    1054    1056
        986    1056    1057
        987    1051    1058
        988    1051    1059
        989    1053    1060
        990    1053    1061
        991    1053    1062
        992    1057    1063
        993    1057    1064
        994    1057    1065
        995    1066    1067
        996    1067    1068
        997    1067    1069
        998    1069    1070
        999    1069    1071
        1000    1071    1072
        1001    1066    1073
        1002    1066    1074
        1003    1068    1075
        1004    1068    1076
        1005    1068    1077
        1006    1072    1078
        1007    1072    1079
        1008    1072    1080
        1009    1081    1082
        1010    1082    1083
        1011    1082    1084
        1012    1084    1085
        1013    1084    1086
        1014    1086    1087
        1015    1081    1088
        1016    1081    1089
        1017    1083    1090
        1018    1083    1091
        1019    1083    1092
        1020    1087    1093
        1021    1087    1094
        1022    1087    1095
        1023    1096    1097
        1024    1097    1098
        1025    1097    1099
        1026    1099    1100
        1027    1099    1101
        1028    1101    1102
        1029    1096    1103
        1030    1096    1104
        1031    1098    1105
        1032    1098    1106
        1033    1098    1107
        1034    1102    1108
        1035    1102    1109
        1036    1102    1110
        1037    1111    1112
        1038    1112    1113
        1039    1112    1114
        1040    1114    1115
        1041    1114    1116
        1042    1116    1117
        1043    1111    1118
        1044    1111    1119
        1045    1113    1120
        1046    1113    1121
        1047    1113    1122
        1048    1117    1123
        1049    1117    1124
        1050    1117    1125
        1051    1126    1127
        1052    1127    1128
        1053    1127    1129
        1054    1129    1130
        1055    1129    1131
        1056    1131    1132
        1057    1126    1133
        1058    1126    1134
        1059    1128    1135
        1060    1128    1136
        1061    1128    1137
        1062    1132    1138
        1063    1132    1139
        1064    1132    1140
        1065    1141    1142
        1066    1142    1143
        1067    1142    1144
        1068    1144    1145
        1069    1144    1146
        1070    1146    1147
        1071    1141    1148
        1072    1141    1149
        1073    1143    1150
        1074    1143    1151
        1075    1143    1152
        1076    1147    1153
        1077    1147    1154
        1078    1147    1155
        1079    1156    1157
        1080    1157    1158
        1081    1157    1159
        1082    1159    1160
        1083    1159    1161
        1084    1161    1162
        1085    1156    1163
        1086    1156    1164
        1087    1158    1165
        1088    1158    1166
        1089    1158    1167
        1090    1162    1168
        1091    1162    1169
        1092    1162    1170
        1093    1171    1172
        1094    1172    1173
        1095    1172    1174
        1096    1174    1175
        1097    1174    1176
        1098    1176    1177
        1099    1171    1178
        1100    1171    1179
        1101    1173    1180
        1102    1173    1181
        1103    1173    1182
        1104    1177    1183
        1105    1177    1184
        1106    1177    1185
        1107    1186    1187
        1108    1187    1188
        1109    1187    1189
        1110    1189    1190
        1111    1189    1191
        1112    1191    1192
        1113    1186    1193
        1114    1186    1194
        1115    1188    1195
        1116    1188    1196
        1117    1188    1197
        1118    1192    1198
        1119    1192    1199
        1120    1192    1200
        1121    1201    1202
        1122    1202    1203
        1123    1202    1204
        1124    1204    1205
        1125    1204    1206
        1126    1206    1207
        1127    1201    1208
        1128    1201    1209
        1129    1203    1210
        1130    1203    1211
        1131    1203    1212
        1132    1207    1213
        1133    1207    1214
        1134    1207    1215
        1135    1216    1217
        1136    1217    1218
        1137    1217    1219
        1138    1219    1220
        1139    1219    1221
        1140    1221    1222
        1141    1216    1223
        1142    1216    1224
        1143    1218    1225
        1144    1218    1226
        1145    1218    1227
        1146    1222    1228
        1147    1222    1229
        1148    1222    1230
        1149    1231    1232
        1150    1232    1233
        1151    1232    1234
        1152    1234    1235
        1153    1234    1236
        1154    1236    1237
        1155    1231    1238
        1156    1231    1239
        1157    1233    1240
        1158    1233    1241
        1159    1233    1242
        1160    1237    1243
        1161    1237    1244
        1162    1237    1245
        1163    1246    1247
        1164    1247    1248
        1165    1247    1249
        1166    1249    1250
        1167    1249    1251
        1168    1251    1252
        1169    1246    1253
        1170    1246    1254
        1171    1248    1255
        1172    1248    1256
        1173    1248    1257
        1174    1252    1258
        1175    1252    1259
        1176    1252    1260
        1177    1261    1262
        1178    1262    1263
        1179    1262    1264
        1180    1264    1265
        1181    1264    1266
        1182    1266    1267
        1183    1261    1268
        1184    1261    1269
        1185    1263    1270
        1186    1263    1271
        1187    1263    1272
        1188    1267    1273
        1189    1267    1274
        1190    1267    1275
        1191    1276    1277
        1192    1277    1278
        1193    1277    1279
        1194    1279    1280
        1195    1279    1281
        1196    1281    1282
        1197    1276    1283
        1198    1276    1284
        1199    1278    1285
        1200    1278    1286
        1201    1278    1287
        1202    1282    1288
        1203    1282    1289
        1204    1282    1290
        1205    1291    1292
        1206    1292    1293
        1207    1292    1294
        1208    1294    1295
        1209    1294    1296
        1210    1296    1297
        1211    1291    1298
        1212    1291    1299
        1213    1293    1300
        1214    1293    1301
        1215    1293    1302
        1216    1297    1303
        1217    1297    1304
        1218    1297    1305
        1219    1306    1307
        1220    1307    1308
        1221    1307    1309
        1222    1309    1310
        1223    1309    1311
        1224    1311    1312
        1225    1306    1313
        1226    1306    1314
        1227    1308    1315
        1228    1308    1316
        1229    1308    1317
        1230    1312    1318
        1231    1312    1319
        1232    1312    1320
        1233    1321    1322
        1234    1322    1323
        1235    1322    1324
        1236    1324    1325
        1237    1324    1326
        1238    1326    1327
        1239    1321    1328
        1240    1321    1329
        1241    1323    1330
        1242    1323    1331
        1243    1323    1332
        1244    1327    1333
        1245    1327    1334
        1246    1327    1335
        1247    1336    1337
        1248    1337    1338
        1249    1337    1339
        1250    1339    1340
        1251    1339    1341
        1252    1341    1342
        1253    1336    1343
        1254    1336    1344
        1255    1338    1345
        1256    1338    1346
        1257    1338    1347
        1258    1342    1348
        1259    1342    1349
        1260    1342    1350
        1261    1351    1352
        1262    1352    1353
        1263    1352    1354
        1264    1354    1355
        1265    1354    1356
        1266    1356    1357
        1267    1351    1358
        1268    1351    1359
        1269    1353    1360
        1270    1353    1361
        1271    1353    1362
        1272    1357    1363
        1273    1357    1364
        1274    1357    1365
        1275    1366    1367
        1276    1367    1368
        1277    1367    1369
        1278    1369    1370
        1279    1369    1371
        1280    1371    1372
        1281    1366    1373
        1282    1366    1374
        1283    1368    1375
        1284    1368    1376
        1285    1368    1377
        1286    1372    1378
        1287    1372    1379
        1288    1372    1380
        1289    1381    1382
        1290    1382    1383
        1291    1382    1384
        1292    1384    1385
        1293    1384    1386
        1294    1386    1387
        1295    1381    1388
        1296    1381    1389
        1297    1383    1390
        1298    1383    1391
        1299    1383    1392
        1300    1387    1393
        1301    1387    1394
        1302    1387    1395
        1303    1396    1397
        1304    1397    1398
        1305    1397    1399
        1306    1399    1400
        1307    1399    1401
        1308    1401    1402
        1309    1396    1403
        1310    1396    1404
        1311    1398    1405
        1312    1398    1406
        1313    1398    1407
        1314    1402    1408
        1315    1402    1409
        1316    1402    1410
        1317    1411    1412
        1318    1412    1413
        1319    1412    1414
        1320    1414    1415
        1321    1414    1416
        1322    1416    1417
        1323    1411    1418
        1324    1411    1419
        1325    1413    1420
        1326    1413    1421
        1327    1413    1422
        1328    1417    1423
        1329    1417    1424
        1330    1417    1425
        1331    1426    1427
        1332    1427    1428
        1333    1427    1429
        1334    1429    1430
        1335    1429    1431
        1336    1431    1432
        1337    1426    1433
        1338    1426    1434
        1339    1428    1435
        1340    1428    1436
        1341    1428    1437
        1342    1432    1438
        1343    1432    1439
        1344    1432    1440
        1345    1441    1442
        1346    1442    1443
        1347    1442    1444
        1348    1444    1445
        1349    1444    1446
        1350    1446    1447
        1351    1441    1448
        1352    1441    1449
        1353    1443    1450
        1354    1443    1451
        1355    1443    1452
        1356    1447    1453
        1357    1447    1454
        1358    1447    1455
        1359    1456    1457
        1360    1457    1458
        1361    1457    1459
        1362    1459    1460
        1363    1459    1461
        1364    1461    1462
        1365    1456    1463
        1366    1456    1464
        1367    1458    1465
        1368    1458    1466
        1369    1458    1467
        1370    1462    1468
        1371    1462    1469
        1372    1462    1470
        1373    1471    1472
        1374    1472    1473
        1375    1472    1474
        1376    1474    1475
        1377    1474    1476
        1378    1476    1477
        1379    1471    1478
        1380    1471    1479
        1381    1473    1480
        1382    1473    1481
        1383    1473    1482
        1384    1477    1483
        1385    1477    1484
        1386    1477    1485
        1387    1486    1487
        1388    1487    1488
        1389    1487    1489
        1390    1489    1490
        1391    1489    1491
        1392    1491    1492
        1393    1486    1493
        1394    1486    1494
        1395    1488    1495
        1396    1488    1496
        1397    1488    1497
        1398    1492    1498
        1399    1492    1499
        1400    1492    1500
    1401 1471 2
    1402 1 17
    1403 16 32
    1404 31 47
    1405 46 62
    1406 61 77
    1407 76 92
    1408 91 107
    1409 106 122
    1410 121 137
    1411 136 152
    1412 151 167
    1413 166 182
    1414 181 197
    1415 196 212
    1416 211 227
    1417 226 242
    1418 241 257
    1419 256 272
    1420 271 287
    1421 286 302
    1422 301 317
    1423 316 332
    1424 331 347
    1425 346 362
    1426 361 377
    1427 376 392
    1428 391 407
    1429 406 422
    1430 421 437
    1431 436 452
    1432 451 467
    1433 466 482
    1434 481 497
    1435 496 512
    1436 511 527
    1437 526 542
    1438 541 557
    1439 556 572
    1440 571 587
    1441 586 602
    1442 601 617
    1443 616 632
    1444 631 647
    1445 646 662
    1446 661 677
    1447 676 692
    1448 691 707
    1449 706 722
    1450 721 737
    1451 751 767
    1452 766 782
    1453 781 797
    1454 796 812
    1455 811 827
    1456 826 842
    1457 841 857
    1458 856 872
    1459 871 887
    1460 886 902
    1461 901 917
    1462 916 932
    1463 931 947
    1464 946 962
    1465 961 977
    1466 976 992
    1467 991 1007
    1468 1006 1022
    1469 1021 1037
    1470 1036 1052
    1471 1051 1067
    1472 1066 1082
    1473 1081 1097
    1474 1096 1112
    1475 1111 1127
    1476 1126 1142
    1477 1141 1157
    1478 1156 1172
    1479 1171 1187
    1480 1186 1202
    1481 1201 1217
    1482 1216 1232
    1483 1231 1247
    1484 1246 1262
    1485 1261 1277
    1486 1276 1292
    1487 1291 1307
    1488 1306 1322
    1489 1321 1337
    1490 1336 1352
    1491 1351 1367
    1492 1366 1382
    1493 1381 1397
    1494 1396 1412
    1495 1411 1427
    1496 1426 1442
    1497 1441 1457
    1498 1456 1487
