1 40 1 2 4 5
2 40 16 17 19 20
3 40 1 17 19 20
4 40 31 32 34 35
5 40 16 32 34 35
6 40 46 47 49 50
7 40 31 47 49 50
8 40 61 62 64 65
9 40 46 62 64 65
10 40 76 77 79 80
11 40 61 77 79 80
12 40 91 92 94 95
13 40 76 92 94 95
14 40 106 107 109 110
15 40 91 107 109 110
16 40 121 122 124 125
17 40 106 122 124 125
18 40 136 137 139 140
19 40 121 137 139 140
20 40 151 152 154 155
21 40 136 152 154 155
22 40 166 167 169 170
23 40 151 167 169 170
24 40 181 182 184 185
25 40 166 182 184 185
26 40 196 197 199 200
27 40 181 197 199 200
28 40 211 212 214 215
29 40 196 212 214 215
30 40 226 227 229 230
31 40 211 227 229 230
32 40 241 242 244 245
33 40 226 242 244 245
34 40 256 257 259 260
35 40 241 257 259 260
36 40 271 272 274 275
37 40 256 272 274 275
38 40 286 287 289 290
39 40 271 287 289 290
40 40 301 302 304 305
41 40 286 302 304 305
42 40 316 317 319 320
43 40 301 317 319 320
44 40 331 332 334 335
45 40 316 332 334 335
46 40 346 347 349 350
47 40 331 347 349 350
48 40 361 362 364 365
49 40 346 362 364 365
50 40 376 377 379 380
51 40 361 377 379 380
52 40 391 392 394 395
53 40 376 392 394 395
54 40 406 407 409 410
55 40 391 407 409 410
56 40 421 422 424 425
57 40 406 422 424 425
58 40 436 437 439 440
59 40 421 437 439 440
60 40 451 452 454 455
61 40 436 452 454 455
62 40 466 467 469 470
63 40 451 467 469 470
64 40 481 482 484 485
65 40 466 482 484 485
66 40 496 497 499 500
67 40 481 497 499 500
68 40 511 512 514 515
69 40 496 512 514 515
70 40 526 527 529 530
71 40 511 527 529 530
72 40 541 542 544 545
73 40 526 542 544 545
74 40 556 557 559 560
75 40 541 557 559 560
76 40 571 572 574 575
77 40 556 572 574 575
78 40 586 587 589 590
79 40 571 587 589 590
80 40 601 602 604 605
81 40 586 602 604 605
82 40 616 617 619 620
83 40 601 617 619 620
84 40 631 632 634 635
85 40 616 632 634 635
86 40 646 647 649 650
87 40 631 647 649 650
88 40 661 662 664 665
89 40 646 662 664 665
90 40 676 677 679 680
91 40 661 677 679 680
92 40 691 692 694 695
93 40 676 692 694 695
94 40 706 707 709 710
95 40 691 707 709 710
96 40 721 722 724 725
97 40 706 722 724 725
98 40 736 737 739 740
99 40 721 737 739 740
100 40 751 752 754 755
101 40 766 767 769 770
102 40 751 767 769 770
103 40 781 782 784 785
104 40 766 782 784 785
105 40 796 797 799 800
106 40 781 797 799 800
107 40 811 812 814 815
108 40 796 812 814 815
109 40 826 827 829 830
110 40 811 827 829 830
111 40 841 842 844 845
112 40 826 842 844 845
113 40 856 857 859 860
114 40 841 857 859 860
115 40 871 872 874 875
116 40 856 872 874 875
117 40 886 887 889 890
118 40 871 887 889 890
119 40 901 902 904 905
120 40 886 902 904 905
121 40 916 917 919 920
122 40 901 917 919 920
123 40 931 932 934 935
124 40 916 932 934 935
125 40 946 947 949 950
126 40 931 947 949 950
127 40 961 962 964 965
128 40 946 962 964 965
129 40 976 977 979 980
130 40 961 977 979 980
131 40 991 992 994 995
132 40 976 992 994 995
133 40 1006 1007 1009 1010
134 40 991 1007 1009 1010
135 40 1021 1022 1024 1025
136 40 1006 1022 1024 1025
137 40 1036 1037 1039 1040
138 40 1021 1037 1039 1040
139 40 1051 1052 1054 1055
140 40 1036 1052 1054 1055
141 40 1066 1067 1069 1070
142 40 1051 1067 1069 1070
143 40 1081 1082 1084 1085
144 40 1066 1082 1084 1085
145 40 1096 1097 1099 1100
146 40 1081 1097 1099 1100
147 40 1111 1112 1114 1115
148 40 1096 1112 1114 1115
149 40 1126 1127 1129 1130
150 40 1111 1127 1129 1130
151 40 1141 1142 1144 1145
152 40 1126 1142 1144 1145
153 40 1156 1157 1159 1160
154 40 1141 1157 1159 1160
155 40 1171 1172 1174 1175
156 40 1156 1172 1174 1175
157 40 1186 1187 1189 1190
158 40 1171 1187 1189 1190
159 40 1201 1202 1204 1205
160 40 1186 1202 1204 1205
161 40 1216 1217 1219 1220
162 40 1201 1217 1219 1220
163 40 1231 1232 1234 1235
164 40 1216 1232 1234 1235
165 40 1246 1247 1249 1250
166 40 1231 1247 1249 1250
167 40 1261 1262 1264 1265
168 40 1246 1262 1264 1265
169 40 1276 1277 1279 1280
170 40 1261 1277 1279 1280
171 40 1291 1292 1294 1295
172 40 1276 1292 1294 1295
173 40 1306 1307 1309 1310
174 40 1291 1307 1309 1310
175 40 1321 1322 1324 1325
176 40 1306 1322 1324 1325
177 40 1336 1337 1339 1340
178 40 1321 1337 1339 1340
179 40 1351 1352 1354 1355
180 40 1336 1352 1354 1355
181 40 1366 1367 1369 1370
182 40 1351 1367 1369 1370
183 40 1381 1382 1384 1385
184 40 1366 1382 1384 1385
185 40 1396 1397 1399 1400
186 40 1381 1397 1399 1400
187 40 1411 1412 1414 1415
188 40 1396 1412 1414 1415
189 40 1426 1427 1429 1430
190 40 1411 1427 1429 1430
191 40 1441 1442 1444 1445
192 40 1426 1442 1444 1445
193 40 1456 1457 1459 1460
194 40 1441 1457 1459 1460
195 40 3 2 4 5
196 40 5 4 2 1471
197 40 18 17 19 20
198 40 33 32 34 35
199 40 48 47 49 50
200 40 63 62 64 65
201 40 78 77 79 80
202 40 93 92 94 95
203 40 108 107 109 110
204 40 123 122 124 125
205 40 138 137 139 140
206 40 153 152 154 155
207 40 168 167 169 170
208 40 183 182 184 185
209 40 198 197 199 200
210 40 213 212 214 215
211 40 228 227 229 230
212 40 243 242 244 245
213 40 258 257 259 260
214 40 273 272 274 275
215 40 288 287 289 290
216 40 303 302 304 305
217 40 318 317 319 320
218 40 333 332 334 335
219 40 348 347 349 350
220 40 363 362 364 365
221 40 378 377 379 380
222 40 393 392 394 395
223 40 408 407 409 410
224 40 423 422 424 425
225 40 438 437 439 440
226 40 453 452 454 455
227 40 468 467 469 470
228 40 483 482 484 485
229 40 498 497 499 500
230 40 513 512 514 515
231 40 528 527 529 530
232 40 543 542 544 545
233 40 558 557 559 560
234 40 573 572 574 575
235 40 588 587 589 590
236 40 603 602 604 605
237 40 618 617 619 620
238 40 633 632 634 635
239 40 648 647 649 650
240 40 663 662 664 665
241 40 678 677 679 680
242 40 693 692 694 695
243 40 708 707 709 710
244 40 723 722 724 725
245 40 738 737 739 740
246 40 753 752 754 755
247 40 768 767 769 770
248 40 783 782 784 785
249 40 798 797 799 800
250 40 813 812 814 815
251 40 828 827 829 830
252 40 843 842 844 845
253 40 858 857 859 860
254 40 873 872 874 875
255 40 888 887 889 890
256 40 903 902 904 905
257 40 918 917 919 920
258 40 933 932 934 935
259 40 948 947 949 950
260 40 963 962 964 965
261 40 978 977 979 980
262 40 993 992 994 995
263 40 1008 1007 1009 1010
264 40 1023 1022 1024 1025
265 40 1038 1037 1039 1040
266 40 1053 1052 1054 1055
267 40 1068 1067 1069 1070
268 40 1083 1082 1084 1085
269 40 1098 1097 1099 1100
270 40 1113 1112 1114 1115
271 40 1128 1127 1129 1130
272 40 1143 1142 1144 1145
273 40 1158 1157 1159 1160
274 40 1173 1172 1174 1175
275 40 1188 1187 1189 1190
276 40 1203 1202 1204 1205
277 40 1218 1217 1219 1220
278 40 1233 1232 1234 1235
279 40 1248 1247 1249 1250
280 40 1263 1262 1264 1265
281 40 1278 1277 1279 1280
282 40 1293 1292 1294 1295
283 40 1308 1307 1309 1310
284 40 1323 1322 1324 1325
285 40 1338 1337 1339 1340
286 40 1353 1352 1354 1355
287 40 1368 1367 1369 1370
288 40 1383 1382 1384 1385
289 40 1398 1397 1399 1400
290 40 1413 1412 1414 1415
291 40 1428 1427 1429 1430
292 40 1443 1442 1444 1445
293 40 1458 1457 1459 1460
294 40 1471 1472 1474 1475
295 40 1473 1472 1474 1475
296 40 1486 1487 1489 1490
297 40 1488 1487 1489 1490
298 40 1456 1487 1489 1490
299 51 1 2 4 6
300 51 16 17 19 21
301 51 1 17 19 21
302 51 31 32 34 36
303 51 16 32 34 36
304 51 46 47 49 51
305 51 31 47 49 51
306 51 61 62 64 66
307 51 46 62 64 66
308 51 76 77 79 81
309 51 61 77 79 81
310 51 91 92 94 96
311 51 76 92 94 96
312 51 106 107 109 111
313 51 91 107 109 111
314 51 121 122 124 126
315 51 106 122 124 126
316 51 136 137 139 141
317 51 121 137 139 141
318 51 151 152 154 156
319 51 136 152 154 156
320 51 166 167 169 171
321 51 151 167 169 171
322 51 181 182 184 186
323 51 166 182 184 186
324 51 196 197 199 201
325 51 181 197 199 201
326 51 211 212 214 216
327 51 196 212 214 216
328 51 226 227 229 231
329 51 211 227 229 231
330 51 241 242 244 246
331 51 226 242 244 246
332 51 256 257 259 261
333 51 241 257 259 261
334 51 271 272 274 276
335 51 256 272 274 276
336 51 286 287 289 291
337 51 271 287 289 291
338 51 301 302 304 306
339 51 286 302 304 306
340 51 316 317 319 321
341 51 301 317 319 321
342 51 331 332 334 336
343 51 316 332 334 336
344 51 346 347 349 351
345 51 331 347 349 351
346 51 361 362 364 366
347 51 346 362 364 366
348 51 376 377 379 381
349 51 361 377 379 381
350 51 391 392 394 396
351 51 376 392 394 396
352 51 406 407 409 411
353 51 391 407 409 411
354 51 421 422 424 426
355 51 406 422 424 426
356 51 436 437 439 441
357 51 421 437 439 441
358 51 451 452 454 456
359 51 436 452 454 456
360 51 466 467 469 471
361 51 451 467 469 471
362 51 481 482 484 486
363 51 466 482 484 486
364 51 496 497 499 501
365 51 481 497 499 501
366 51 511 512 514 516
367 51 496 512 514 516
368 51 526 527 529 531
369 51 511 527 529 531
370 51 541 542 544 546
371 51 526 542 544 546
372 51 556 557 559 561
373 51 541 557 559 561
374 51 571 572 574 576
375 51 556 572 574 576
376 51 586 587 589 591
377 51 571 587 589 591
378 51 601 602 604 606
379 51 586 602 604 606
380 51 616 617 619 621
381 51 601 617 619 621
382 51 631 632 634 636
383 51 616 632 634 636
384 51 646 647 649 651
385 51 631 647 649 651
386 51 661 662 664 666
387 51 646 662 664 666
388 51 676 677 679 681
389 51 661 677 679 681
390 51 691 692 694 696
391 51 676 692 694 696
392 51 706 707 709 711
393 51 691 707 709 711
394 51 721 722 724 726
395 51 706 722 724 726
396 51 736 737 739 741
397 51 721 737 739 741
398 51 751 752 754 756
399 51 766 767 769 771
400 51 751 767 769 771
401 51 781 782 784 786
402 51 766 782 784 786
403 51 796 797 799 801
404 51 781 797 799 801
405 51 811 812 814 816
406 51 796 812 814 816
407 51 826 827 829 831
408 51 811 827 829 831
409 51 841 842 844 846
410 51 826 842 844 846
411 51 856 857 859 861
412 51 841 857 859 861
413 51 871 872 874 876
414 51 856 872 874 876
415 51 886 887 889 891
416 51 871 887 889 891
417 51 901 902 904 906
418 51 886 902 904 906
419 51 916 917 919 921
420 51 901 917 919 921
421 51 931 932 934 936
422 51 916 932 934 936
423 51 946 947 949 951
424 51 931 947 949 951
425 51 961 962 964 966
426 51 946 962 964 966
427 51 976 977 979 981
428 51 961 977 979 981
429 51 991 992 994 996
430 51 976 992 994 996
431 51 1006 1007 1009 1011
432 51 991 1007 1009 1011
433 51 1021 1022 1024 1026
434 51 1006 1022 1024 1026
435 51 1036 1037 1039 1041
436 51 1021 1037 1039 1041
437 51 1051 1052 1054 1056
438 51 1036 1052 1054 1056
439 51 1066 1067 1069 1071
440 51 1051 1067 1069 1071
441 51 1081 1082 1084 1086
442 51 1066 1082 1084 1086
443 51 1096 1097 1099 1101
444 51 1081 1097 1099 1101
445 51 1111 1112 1114 1116
446 51 1096 1112 1114 1116
447 51 1126 1127 1129 1131
448 51 1111 1127 1129 1131
449 51 1141 1142 1144 1146
450 51 1126 1142 1144 1146
451 51 1156 1157 1159 1161
452 51 1141 1157 1159 1161
453 51 1171 1172 1174 1176
454 51 1156 1172 1174 1176
455 51 1186 1187 1189 1191
456 51 1171 1187 1189 1191
457 51 1201 1202 1204 1206
458 51 1186 1202 1204 1206
459 51 1216 1217 1219 1221
460 51 1201 1217 1219 1221
461 51 1231 1232 1234 1236
462 51 1216 1232 1234 1236
463 51 1246 1247 1249 1251
464 51 1231 1247 1249 1251
465 51 1261 1262 1264 1266
466 51 1246 1262 1264 1266
467 51 1276 1277 1279 1281
468 51 1261 1277 1279 1281
469 51 1291 1292 1294 1296
470 51 1276 1292 1294 1296
471 51 1306 1307 1309 1311
472 51 1291 1307 1309 1311
473 51 1321 1322 1324 1326
474 51 1306 1322 1324 1326
475 51 1336 1337 1339 1341
476 51 1321 1337 1339 1341
477 51 1351 1352 1354 1356
478 51 1336 1352 1354 1356
479 51 1366 1367 1369 1371
480 51 1351 1367 1369 1371
481 51 1381 1382 1384 1386
482 51 1366 1382 1384 1386
483 51 1396 1397 1399 1401
484 51 1381 1397 1399 1401
485 51 1411 1412 1414 1416
486 51 1396 1412 1414 1416
487 51 1426 1427 1429 1431
488 51 1411 1427 1429 1431
489 51 1441 1442 1444 1446
490 51 1426 1442 1444 1446
491 51 1456 1457 1459 1461
492 51 1441 1457 1459 1461
493 51 3 2 4 6
494 51 6 4 2 1471
495 51 18 17 19 21
496 51 33 32 34 36
497 51 48 47 49 51
498 51 63 62 64 66
499 51 78 77 79 81
500 51 93 92 94 96
501 51 108 107 109 111
502 51 123 122 124 126
503 51 138 137 139 141
504 51 153 152 154 156
505 51 168 167 169 171
506 51 183 182 184 186
507 51 198 197 199 201
508 51 213 212 214 216
509 51 228 227 229 231
510 51 243 242 244 246
511 51 258 257 259 261
512 51 273 272 274 276
513 51 288 287 289 291
514 51 303 302 304 306
515 51 318 317 319 321
516 51 333 332 334 336
517 51 348 347 349 351
518 51 363 362 364 366
519 51 378 377 379 381
520 51 393 392 394 396
521 51 408 407 409 411
522 51 423 422 424 426
523 51 438 437 439 441
524 51 453 452 454 456
525 51 468 467 469 471
526 51 483 482 484 486
527 51 498 497 499 501
528 51 513 512 514 516
529 51 528 527 529 531
530 51 543 542 544 546
531 51 558 557 559 561
532 51 573 572 574 576
533 51 588 587 589 591
534 51 603 602 604 606
535 51 618 617 619 621
536 51 633 632 634 636
537 51 648 647 649 651
538 51 663 662 664 666
539 51 678 677 679 681
540 51 693 692 694 696
541 51 708 707 709 711
542 51 723 722 724 726
543 51 738 737 739 741
544 51 753 752 754 756
545 51 768 767 769 771
546 51 783 782 784 786
547 51 798 797 799 801
548 51 813 812 814 816
549 51 828 827 829 831
550 51 843 842 844 846
551 51 858 857 859 861
552 51 873 872 874 876
553 51 888 887 889 891
554 51 903 902 904 906
555 51 918 917 919 921
556 51 933 932 934 936
557 51 948 947 949 951
558 51 963 962 964 966
559 51 978 977 979 981
560 51 993 992 994 996
561 51 1008 1007 1009 1011
562 51 1023 1022 1024 1026
563 51 1038 1037 1039 1041
564 51 1053 1052 1054 1056
565 51 1068 1067 1069 1071
566 51 1083 1082 1084 1086
567 51 1098 1097 1099 1101
568 51 1113 1112 1114 1116
569 51 1128 1127 1129 1131
570 51 1143 1142 1144 1146
571 51 1158 1157 1159 1161
572 51 1173 1172 1174 1176
573 51 1188 1187 1189 1191
574 51 1203 1202 1204 1206
575 51 1218 1217 1219 1221
576 51 1233 1232 1234 1236
577 51 1248 1247 1249 1251
578 51 1263 1262 1264 1266
579 51 1278 1277 1279 1281
580 51 1293 1292 1294 1296
581 51 1308 1307 1309 1311
582 51 1323 1322 1324 1326
583 51 1338 1337 1339 1341
584 51 1353 1352 1354 1356
585 51 1368 1367 1369 1371
586 51 1383 1382 1384 1386
587 51 1398 1397 1399 1401
588 51 1413 1412 1414 1416
589 51 1428 1427 1429 1431
590 51 1443 1442 1444 1446
591 51 1458 1457 1459 1461
592 51 1471 1472 1474 1476
593 51 1473 1472 1474 1476
594 51 1486 1487 1489 1491
595 51 1488 1487 1489 1491
596 51 1456 1487 1489 1491
597 68 5 4 6 7
598 68 20 19 21 22
599 68 35 34 36 37
600 68 50 49 51 52
601 68 65 64 66 67
602 68 80 79 81 82
603 68 95 94 96 97
604 68 110 109 111 112
605 68 125 124 126 127
606 68 140 139 141 142
607 68 155 154 156 157
608 68 170 169 171 172
609 68 185 184 186 187
610 68 200 199 201 202
611 68 215 214 216 217
612 68 230 229 231 232
613 68 245 244 246 247
614 68 260 259 261 262
615 68 275 274 276 277
616 68 290 289 291 292
617 68 305 304 306 307
618 68 320 319 321 322
619 68 335 334 336 337
620 68 350 349 351 352
621 68 365 364 366 367
622 68 380 379 381 382
623 68 395 394 396 397
624 68 410 409 411 412
625 68 425 424 426 427
626 68 440 439 441 442
627 68 455 454 456 457
628 68 470 469 471 472
629 68 485 484 486 487
630 68 500 499 501 502
631 68 515 514 516 517
632 68 530 529 531 532
633 68 545 544 546 547
634 68 560 559 561 562
635 68 575 574 576 577
636 68 590 589 591 592
637 68 605 604 606 607
638 68 620 619 621 622
639 68 635 634 636 637
640 68 650 649 651 652
641 68 665 664 666 667
642 68 680 679 681 682
643 68 695 694 696 697
644 68 710 709 711 712
645 68 725 724 726 727
646 68 740 739 741 742
647 68 755 754 756 757
648 68 770 769 771 772
649 68 785 784 786 787
650 68 800 799 801 802
651 68 815 814 816 817
652 68 830 829 831 832
653 68 845 844 846 847
654 68 860 859 861 862
655 68 875 874 876 877
656 68 890 889 891 892
657 68 905 904 906 907
658 68 920 919 921 922
659 68 935 934 936 937
660 68 950 949 951 952
661 68 965 964 966 967
662 68 980 979 981 982
663 68 995 994 996 997
664 68 1010 1009 1011 1012
665 68 1025 1024 1026 1027
666 68 1040 1039 1041 1042
667 68 1055 1054 1056 1057
668 68 1070 1069 1071 1072
669 68 1085 1084 1086 1087
670 68 1100 1099 1101 1102
671 68 1115 1114 1116 1117
672 68 1130 1129 1131 1132
673 68 1145 1144 1146 1147
674 68 1160 1159 1161 1162
675 68 1175 1174 1176 1177
676 68 1190 1189 1191 1192
677 68 1205 1204 1206 1207
678 68 1220 1219 1221 1222
679 68 1235 1234 1236 1237
680 68 1250 1249 1251 1252
681 68 1265 1264 1266 1267
682 68 1280 1279 1281 1282
683 68 1295 1294 1296 1297
684 68 1310 1309 1311 1312
685 68 1325 1324 1326 1327
686 68 1340 1339 1341 1342
687 68 1355 1354 1356 1357
688 68 1370 1369 1371 1372
689 68 1385 1384 1386 1387
690 68 1400 1399 1401 1402
691 68 1415 1414 1416 1417
692 68 1430 1429 1431 1432
693 68 1445 1444 1446 1447
694 68 1460 1459 1461 1462
695 68 1475 1474 1476 1477
696 68 1490 1489 1491 1492
697 70 2 4 6 7
698 70 17 19 21 22
699 70 32 34 36 37
700 70 47 49 51 52
701 70 62 64 66 67
702 70 77 79 81 82
703 70 92 94 96 97
704 70 107 109 111 112
705 70 122 124 126 127
706 70 137 139 141 142
707 70 152 154 156 157
708 70 167 169 171 172
709 70 182 184 186 187
710 70 197 199 201 202
711 70 212 214 216 217
712 70 227 229 231 232
713 70 242 244 246 247
714 70 257 259 261 262
715 70 272 274 276 277
716 70 287 289 291 292
717 70 302 304 306 307
718 70 317 319 321 322
719 70 332 334 336 337
720 70 347 349 351 352
721 70 362 364 366 367
722 70 377 379 381 382
723 70 392 394 396 397
724 70 407 409 411 412
725 70 422 424 426 427
726 70 437 439 441 442
727 70 452 454 456 457
728 70 467 469 471 472
729 70 482 484 486 487
730 70 497 499 501 502
731 70 512 514 516 517
732 70 527 529 531 532
733 70 542 544 546 547
734 70 557 559 561 562
735 70 572 574 576 577
736 70 587 589 591 592
737 70 602 604 606 607
738 70 617 619 621 622
739 70 632 634 636 637
740 70 647 649 651 652
741 70 662 664 666 667
742 70 677 679 681 682
743 70 692 694 696 697
744 70 707 709 711 712
745 70 722 724 726 727
746 70 737 739 741 742
747 70 752 754 756 757
748 70 767 769 771 772
749 70 782 784 786 787
750 70 797 799 801 802
751 70 812 814 816 817
752 70 827 829 831 832
753 70 842 844 846 847
754 70 857 859 861 862
755 70 872 874 876 877
756 70 887 889 891 892
757 70 902 904 906 907
758 70 917 919 921 922
759 70 932 934 936 937
760 70 947 949 951 952
761 70 962 964 966 967
762 70 977 979 981 982
763 70 992 994 996 997
764 70 1007 1009 1011 1012
765 70 1022 1024 1026 1027
766 70 1037 1039 1041 1042
767 70 1052 1054 1056 1057
768 70 1067 1069 1071 1072
769 70 1082 1084 1086 1087
770 70 1097 1099 1101 1102
771 70 1112 1114 1116 1117
772 70 1127 1129 1131 1132
773 70 1142 1144 1146 1147
774 70 1157 1159 1161 1162
775 70 1172 1174 1176 1177
776 70 1187 1189 1191 1192
777 70 1202 1204 1206 1207
778 70 1217 1219 1221 1222
779 70 1232 1234 1236 1237
780 70 1247 1249 1251 1252
781 70 1262 1264 1266 1267
782 70 1277 1279 1281 1282
783 70 1292 1294 1296 1297
784 70 1307 1309 1311 1312
785 70 1322 1324 1326 1327
786 70 1337 1339 1341 1342
787 70 1352 1354 1356 1357
788 70 1367 1369 1371 1372
789 70 1382 1384 1386 1387
790 70 1397 1399 1401 1402
791 70 1412 1414 1416 1417
792 70 1427 1429 1431 1432
793 70 1442 1444 1446 1447
794 70 1457 1459 1461 1462
795 70 1472 1474 1476 1477
796 70 1487 1489 1491 1492
797 183 4 2 1 17
798 183 19 17 16 32
799 183 2 1 17 19
800 183 34 32 31 47
801 183 17 16 32 34
802 183 49 47 46 62
803 183 32 31 47 49
804 183 64 62 61 77
805 183 47 46 62 64
806 183 79 77 76 92
807 183 62 61 77 79
808 183 94 92 91 107
809 183 77 76 92 94
810 183 109 107 106 122
811 183 92 91 107 109
812 183 124 122 121 137
813 183 107 106 122 124
814 183 139 137 136 152
815 183 122 121 137 139
816 183 154 152 151 167
817 183 137 136 152 154
818 183 169 167 166 182
819 183 152 151 167 169
820 183 184 182 181 197
821 183 167 166 182 184
822 183 199 197 196 212
823 183 182 181 197 199
824 183 214 212 211 227
825 183 197 196 212 214
826 183 229 227 226 242
827 183 212 211 227 229
828 183 244 242 241 257
829 183 227 226 242 244
830 183 259 257 256 272
831 183 242 241 257 259
832 183 274 272 271 287
833 183 257 256 272 274
834 183 289 287 286 302
835 183 272 271 287 289
836 183 304 302 301 317
837 183 287 286 302 304
838 183 319 317 316 332
839 183 302 301 317 319
840 183 334 332 331 347
841 183 317 316 332 334
842 183 349 347 346 362
843 183 332 331 347 349
844 183 364 362 361 377
845 183 347 346 362 364
846 183 379 377 376 392
847 183 362 361 377 379
848 183 394 392 391 407
849 183 377 376 392 394
850 183 409 407 406 422
851 183 392 391 407 409
852 183 424 422 421 437
853 183 407 406 422 424
854 183 439 437 436 452
855 183 422 421 437 439
856 183 454 452 451 467
857 183 437 436 452 454
858 183 469 467 466 482
859 183 452 451 467 469
860 183 484 482 481 497
861 183 467 466 482 484
862 183 499 497 496 512
863 183 482 481 497 499
864 183 514 512 511 527
865 183 497 496 512 514
866 183 529 527 526 542
867 183 512 511 527 529
868 183 544 542 541 557
869 183 527 526 542 544
870 183 559 557 556 572
871 183 542 541 557 559
872 183 574 572 571 587
873 183 557 556 572 574
874 183 589 587 586 602
875 183 572 571 587 589
876 183 604 602 601 617
877 183 587 586 602 604
878 183 619 617 616 632
879 183 602 601 617 619
880 183 634 632 631 647
881 183 617 616 632 634
882 183 649 647 646 662
883 183 632 631 647 649
884 183 664 662 661 677
885 183 647 646 662 664
886 183 679 677 676 692
887 183 662 661 677 679
888 183 694 692 691 707
889 183 677 676 692 694
890 183 709 707 706 722
891 183 692 691 707 709
892 183 724 722 721 737
893 183 707 706 722 724
894 183 722 721 737 739
895 183 754 752 751 767
896 183 769 767 766 782
897 183 752 751 767 769
898 183 784 782 781 797
899 183 767 766 782 784
900 183 799 797 796 812
901 183 782 781 797 799
902 183 814 812 811 827
903 183 797 796 812 814
904 183 829 827 826 842
905 183 812 811 827 829
906 183 844 842 841 857
907 183 827 826 842 844
908 183 859 857 856 872
909 183 842 841 857 859
910 183 874 872 871 887
911 183 857 856 872 874
912 183 889 887 886 902
913 183 872 871 887 889
914 183 904 902 901 917
915 183 887 886 902 904
916 183 919 917 916 932
917 183 902 901 917 919
918 183 934 932 931 947
919 183 917 916 932 934
920 183 949 947 946 962
921 183 932 931 947 949
922 183 964 962 961 977
923 183 947 946 962 964
924 183 979 977 976 992
925 183 962 961 977 979
926 183 994 992 991 1007
927 183 977 976 992 994
928 183 1009 1007 1006 1022
929 183 992 991 1007 1009
930 183 1024 1022 1021 1037
931 183 1007 1006 1022 1024
932 183 1039 1037 1036 1052
933 183 1022 1021 1037 1039
934 183 1054 1052 1051 1067
935 183 1037 1036 1052 1054
936 183 1069 1067 1066 1082
937 183 1052 1051 1067 1069
938 183 1084 1082 1081 1097
939 183 1067 1066 1082 1084
940 183 1099 1097 1096 1112
941 183 1082 1081 1097 1099
942 183 1114 1112 1111 1127
943 183 1097 1096 1112 1114
944 183 1129 1127 1126 1142
945 183 1112 1111 1127 1129
946 183 1144 1142 1141 1157
947 183 1127 1126 1142 1144
948 183 1159 1157 1156 1172
949 183 1142 1141 1157 1159
950 183 1174 1172 1171 1187
951 183 1157 1156 1172 1174
952 183 1189 1187 1186 1202
953 183 1172 1171 1187 1189
954 183 1204 1202 1201 1217
955 183 1187 1186 1202 1204
956 183 1219 1217 1216 1232
957 183 1202 1201 1217 1219
958 183 1234 1232 1231 1247
959 183 1217 1216 1232 1234
960 183 1249 1247 1246 1262
961 183 1232 1231 1247 1249
962 183 1264 1262 1261 1277
963 183 1247 1246 1262 1264
964 183 1279 1277 1276 1292
965 183 1262 1261 1277 1279
966 183 1294 1292 1291 1307
967 183 1277 1276 1292 1294
968 183 1309 1307 1306 1322
969 183 1292 1291 1307 1309
970 183 1324 1322 1321 1337
971 183 1307 1306 1322 1324
972 183 1339 1337 1336 1352
973 183 1322 1321 1337 1339
974 183 1354 1352 1351 1367
975 183 1337 1336 1352 1354
976 183 1369 1367 1366 1382
977 183 1352 1351 1367 1369
978 183 1384 1382 1381 1397
979 183 1367 1366 1382 1384
980 183 1399 1397 1396 1412
981 183 1382 1381 1397 1399
982 183 1414 1412 1411 1427
983 183 1397 1396 1412 1414
984 183 1429 1427 1426 1442
985 183 1412 1411 1427 1429
986 183 1444 1442 1441 1457
987 183 1427 1426 1442 1444
988 183 1442 1441 1457 1459
989 183 4 2 1471 1472
990 183 1459 1457 1456 1487
991 183 2 1471 1472 1474
992 183 1457 1456 1487 1489
993 187 4 2 1 8
994 187 4 2 1 9
995 187 19 17 16 23
996 187 19 17 16 24
997 187 8 1 17 19
998 187 9 1 17 19
999 187 34 32 31 38
1000 187 34 32 31 39
1001 187 23 16 32 34
1002 187 24 16 32 34
1003 187 49 47 46 53
1004 187 49 47 46 54
1005 187 38 31 47 49
1006 187 39 31 47 49
1007 187 64 62 61 68
1008 187 64 62 61 69
1009 187 53 46 62 64
1010 187 54 46 62 64
1011 187 79 77 76 83
1012 187 79 77 76 84
1013 187 68 61 77 79
1014 187 69 61 77 79
1015 187 94 92 91 98
1016 187 94 92 91 99
1017 187 83 76 92 94
1018 187 84 76 92 94
1019 187 109 107 106 113
1020 187 109 107 106 114
1021 187 98 91 107 109
1022 187 99 91 107 109
1023 187 124 122 121 128
1024 187 124 122 121 129
1025 187 113 106 122 124
1026 187 114 106 122 124
1027 187 139 137 136 143
1028 187 139 137 136 144
1029 187 128 121 137 139
1030 187 129 121 137 139
1031 187 154 152 151 158
1032 187 154 152 151 159
1033 187 143 136 152 154
1034 187 144 136 152 154
1035 187 169 167 166 173
1036 187 169 167 166 174
1037 187 158 151 167 169
1038 187 159 151 167 169
1039 187 184 182 181 188
1040 187 184 182 181 189
1041 187 173 166 182 184
1042 187 174 166 182 184
1043 187 199 197 196 203
1044 187 199 197 196 204
1045 187 188 181 197 199
1046 187 189 181 197 199
1047 187 214 212 211 218
1048 187 214 212 211 219
1049 187 203 196 212 214
1050 187 204 196 212 214
1051 187 229 227 226 233
1052 187 229 227 226 234
1053 187 218 211 227 229
1054 187 219 211 227 229
1055 187 244 242 241 248
1056 187 244 242 241 249
1057 187 233 226 242 244
1058 187 234 226 242 244
1059 187 259 257 256 263
1060 187 259 257 256 264
1061 187 248 241 257 259
1062 187 249 241 257 259
1063 187 274 272 271 278
1064 187 274 272 271 279
1065 187 263 256 272 274
1066 187 264 256 272 274
1067 187 289 287 286 293
1068 187 289 287 286 294
1069 187 278 271 287 289
1070 187 279 271 287 289
1071 187 304 302 301 308
1072 187 304 302 301 309
1073 187 293 286 302 304
1074 187 294 286 302 304
1075 187 319 317 316 323
1076 187 319 317 316 324
1077 187 308 301 317 319
1078 187 309 301 317 319
1079 187 334 332 331 338
1080 187 334 332 331 339
1081 187 323 316 332 334
1082 187 324 316 332 334
1083 187 349 347 346 353
1084 187 349 347 346 354
1085 187 338 331 347 349
1086 187 339 331 347 349
1087 187 364 362 361 368
1088 187 364 362 361 369
1089 187 353 346 362 364
1090 187 354 346 362 364
1091 187 379 377 376 383
1092 187 379 377 376 384
1093 187 368 361 377 379
1094 187 369 361 377 379
1095 187 394 392 391 398
1096 187 394 392 391 399
1097 187 383 376 392 394
1098 187 384 376 392 394
1099 187 409 407 406 413
1100 187 409 407 406 414
1101 187 398 391 407 409
1102 187 399 391 407 409
1103 187 424 422 421 428
1104 187 424 422 421 429
1105 187 413 406 422 424
1106 187 414 406 422 424
1107 187 439 437 436 443
1108 187 439 437 436 444
1109 187 428 421 437 439
1110 187 429 421 437 439
1111 187 454 452 451 458
1112 187 454 452 451 459
1113 187 443 436 452 454
1114 187 444 436 452 454
1115 187 469 467 466 473
1116 187 469 467 466 474
1117 187 458 451 467 469
1118 187 459 451 467 469
1119 187 484 482 481 488
1120 187 484 482 481 489
1121 187 473 466 482 484
1122 187 474 466 482 484
1123 187 499 497 496 503
1124 187 499 497 496 504
1125 187 488 481 497 499
1126 187 489 481 497 499
1127 187 514 512 511 518
1128 187 514 512 511 519
1129 187 503 496 512 514
1130 187 504 496 512 514
1131 187 529 527 526 533
1132 187 529 527 526 534
1133 187 518 511 527 529
1134 187 519 511 527 529
1135 187 544 542 541 548
1136 187 544 542 541 549
1137 187 533 526 542 544
1138 187 534 526 542 544
1139 187 559 557 556 563
1140 187 559 557 556 564
1141 187 548 541 557 559
1142 187 549 541 557 559
1143 187 574 572 571 578
1144 187 574 572 571 579
1145 187 563 556 572 574
1146 187 564 556 572 574
1147 187 589 587 586 593
1148 187 589 587 586 594
1149 187 578 571 587 589
1150 187 579 571 587 589
1151 187 604 602 601 608
1152 187 604 602 601 609
1153 187 593 586 602 604
1154 187 594 586 602 604
1155 187 619 617 616 623
1156 187 619 617 616 624
1157 187 608 601 617 619
1158 187 609 601 617 619
1159 187 634 632 631 638
1160 187 634 632 631 639
1161 187 623 616 632 634
1162 187 624 616 632 634
1163 187 649 647 646 653
1164 187 649 647 646 654
1165 187 638 631 647 649
1166 187 639 631 647 649
1167 187 664 662 661 668
1168 187 664 662 661 669
1169 187 653 646 662 664
1170 187 654 646 662 664
1171 187 679 677 676 683
1172 187 679 677 676 684
1173 187 668 661 677 679
1174 187 669 661 677 679
1175 187 694 692 691 698
1176 187 694 692 691 699
1177 187 683 676 692 694
1178 187 684 676 692 694
1179 187 709 707 706 713
1180 187 709 707 706 714
1181 187 698 691 707 709
1182 187 699 691 707 709
1183 187 724 722 721 728
1184 187 724 722 721 729
1185 187 713 706 722 724
1186 187 714 706 722 724
1187 187 739 737 736 743
1188 187 739 737 736 744
1189 187 728 721 737 739
1190 187 729 721 737 739
1191 187 754 752 751 758
1192 187 754 752 751 759
1193 187 769 767 766 773
1194 187 769 767 766 774
1195 187 758 751 767 769
1196 187 759 751 767 769
1197 187 784 782 781 788
1198 187 784 782 781 789
1199 187 773 766 782 784
1200 187 774 766 782 784
1201 187 799 797 796 803
1202 187 799 797 796 804
1203 187 788 781 797 799
1204 187 789 781 797 799
1205 187 814 812 811 818
1206 187 814 812 811 819
1207 187 803 796 812 814
1208 187 804 796 812 814
1209 187 829 827 826 833
1210 187 829 827 826 834
1211 187 818 811 827 829
1212 187 819 811 827 829
1213 187 844 842 841 848
1214 187 844 842 841 849
1215 187 833 826 842 844
1216 187 834 826 842 844
1217 187 859 857 856 863
1218 187 859 857 856 864
1219 187 848 841 857 859
1220 187 849 841 857 859
1221 187 874 872 871 878
1222 187 874 872 871 879
1223 187 863 856 872 874
1224 187 864 856 872 874
1225 187 889 887 886 893
1226 187 889 887 886 894
1227 187 878 871 887 889
1228 187 879 871 887 889
1229 187 904 902 901 908
1230 187 904 902 901 909
1231 187 893 886 902 904
1232 187 894 886 902 904
1233 187 919 917 916 923
1234 187 919 917 916 924
1235 187 908 901 917 919
1236 187 909 901 917 919
1237 187 934 932 931 938
1238 187 934 932 931 939
1239 187 923 916 932 934
1240 187 924 916 932 934
1241 187 949 947 946 953
1242 187 949 947 946 954
1243 187 938 931 947 949
1244 187 939 931 947 949
1245 187 964 962 961 968
1246 187 964 962 961 969
1247 187 953 946 962 964
1248 187 954 946 962 964
1249 187 979 977 976 983
1250 187 979 977 976 984
1251 187 968 961 977 979
1252 187 969 961 977 979
1253 187 994 992 991 998
1254 187 994 992 991 999
1255 187 983 976 992 994
1256 187 984 976 992 994
1257 187 1009 1007 1006 1013
1258 187 1009 1007 1006 1014
1259 187 998 991 1007 1009
1260 187 999 991 1007 1009
1261 187 1024 1022 1021 1028
1262 187 1024 1022 1021 1029
1263 187 1013 1006 1022 1024
1264 187 1014 1006 1022 1024
1265 187 1039 1037 1036 1043
1266 187 1039 1037 1036 1044
1267 187 1028 1021 1037 1039
1268 187 1029 1021 1037 1039
1269 187 1054 1052 1051 1058
1270 187 1054 1052 1051 1059
1271 187 1043 1036 1052 1054
1272 187 1044 1036 1052 1054
1273 187 1069 1067 1066 1073
1274 187 1069 1067 1066 1074
1275 187 1058 1051 1067 1069
1276 187 1059 1051 1067 1069
1277 187 1084 1082 1081 1088
1278 187 1084 1082 1081 1089
1279 187 1073 1066 1082 1084
1280 187 1074 1066 1082 1084
1281 187 1099 1097 1096 1103
1282 187 1099 1097 1096 1104
1283 187 1088 1081 1097 1099
1284 187 1089 1081 1097 1099
1285 187 1114 1112 1111 1118
1286 187 1114 1112 1111 1119
1287 187 1103 1096 1112 1114
1288 187 1104 1096 1112 1114
1289 187 1129 1127 1126 1133
1290 187 1129 1127 1126 1134
1291 187 1118 1111 1127 1129
1292 187 1119 1111 1127 1129
1293 187 1144 1142 1141 1148
1294 187 1144 1142 1141 1149
1295 187 1133 1126 1142 1144
1296 187 1134 1126 1142 1144
1297 187 1159 1157 1156 1163
1298 187 1159 1157 1156 1164
1299 187 1148 1141 1157 1159
1300 187 1149 1141 1157 1159
1301 187 1174 1172 1171 1178
1302 187 1174 1172 1171 1179
1303 187 1163 1156 1172 1174
1304 187 1164 1156 1172 1174
1305 187 1189 1187 1186 1193
1306 187 1189 1187 1186 1194
1307 187 1178 1171 1187 1189
1308 187 1179 1171 1187 1189
1309 187 1204 1202 1201 1208
1310 187 1204 1202 1201 1209
1311 187 1193 1186 1202 1204
1312 187 1194 1186 1202 1204
1313 187 1219 1217 1216 1223
1314 187 1219 1217 1216 1224
1315 187 1208 1201 1217 1219
1316 187 1209 1201 1217 1219
1317 187 1234 1232 1231 1238
1318 187 1234 1232 1231 1239
1319 187 1223 1216 1232 1234
1320 187 1224 1216 1232 1234
1321 187 1249 1247 1246 1253
1322 187 1249 1247 1246 1254
1323 187 1238 1231 1247 1249
1324 187 1239 1231 1247 1249
1325 187 1264 1262 1261 1268
1326 187 1264 1262 1261 1269
1327 187 1253 1246 1262 1264
1328 187 1254 1246 1262 1264
1329 187 1279 1277 1276 1283
1330 187 1279 1277 1276 1284
1331 187 1268 1261 1277 1279
1332 187 1269 1261 1277 1279
1333 187 1294 1292 1291 1298
1334 187 1294 1292 1291 1299
1335 187 1283 1276 1292 1294
1336 187 1284 1276 1292 1294
1337 187 1309 1307 1306 1313
1338 187 1309 1307 1306 1314
1339 187 1298 1291 1307 1309
1340 187 1299 1291 1307 1309
1341 187 1324 1322 1321 1328
1342 187 1324 1322 1321 1329
1343 187 1313 1306 1322 1324
1344 187 1314 1306 1322 1324
1345 187 1339 1337 1336 1343
1346 187 1339 1337 1336 1344
1347 187 1328 1321 1337 1339
1348 187 1329 1321 1337 1339
1349 187 1354 1352 1351 1358
1350 187 1354 1352 1351 1359
1351 187 1343 1336 1352 1354
1352 187 1344 1336 1352 1354
1353 187 1369 1367 1366 1373
1354 187 1369 1367 1366 1374
1355 187 1358 1351 1367 1369
1356 187 1359 1351 1367 1369
1357 187 1384 1382 1381 1388
1358 187 1384 1382 1381 1389
1359 187 1373 1366 1382 1384
1360 187 1374 1366 1382 1384
1361 187 1399 1397 1396 1403
1362 187 1399 1397 1396 1404
1363 187 1388 1381 1397 1399
1364 187 1389 1381 1397 1399
1365 187 1414 1412 1411 1418
1366 187 1414 1412 1411 1419
1367 187 1403 1396 1412 1414
1368 187 1404 1396 1412 1414
1369 187 1429 1427 1426 1433
1370 187 1429 1427 1426 1434
1371 187 1418 1411 1427 1429
1372 187 1419 1411 1427 1429
1373 187 1444 1442 1441 1448
1374 187 1444 1442 1441 1449
1375 187 1433 1426 1442 1444
1376 187 1434 1426 1442 1444
1377 187 1459 1457 1456 1463
1378 187 1459 1457 1456 1464
1379 187 1448 1441 1457 1459
1380 187 1449 1441 1457 1459
1381 187 4 2 3 10
1382 187 4 2 3 11
1383 187 4 2 3 12
1384 187 19 17 18 25
1385 187 19 17 18 26
1386 187 19 17 18 27
1387 187 34 32 33 40
1388 187 34 32 33 41
1389 187 34 32 33 42
1390 187 49 47 48 55
1391 187 49 47 48 56
1392 187 49 47 48 57
1393 187 64 62 63 70
1394 187 64 62 63 71
1395 187 64 62 63 72
1396 187 79 77 78 85
1397 187 79 77 78 86
1398 187 79 77 78 87
1399 187 94 92 93 100
1400 187 94 92 93 101
1401 187 94 92 93 102
1402 187 109 107 108 115
1403 187 109 107 108 116
1404 187 109 107 108 117
1405 187 124 122 123 130
1406 187 124 122 123 131
1407 187 124 122 123 132
1408 187 139 137 138 145
1409 187 139 137 138 146
1410 187 139 137 138 147
1411 187 154 152 153 160
1412 187 154 152 153 161
1413 187 154 152 153 162
1414 187 169 167 168 175
1415 187 169 167 168 176
1416 187 169 167 168 177
1417 187 184 182 183 190
1418 187 184 182 183 191
1419 187 184 182 183 192
1420 187 199 197 198 205
1421 187 199 197 198 206
1422 187 199 197 198 207
1423 187 214 212 213 220
1424 187 214 212 213 221
1425 187 214 212 213 222
1426 187 229 227 228 235
1427 187 229 227 228 236
1428 187 229 227 228 237
1429 187 244 242 243 250
1430 187 244 242 243 251
1431 187 244 242 243 252
1432 187 259 257 258 265
1433 187 259 257 258 266
1434 187 259 257 258 267
1435 187 274 272 273 280
1436 187 274 272 273 281
1437 187 274 272 273 282
1438 187 289 287 288 295
1439 187 289 287 288 296
1440 187 289 287 288 297
1441 187 304 302 303 310
1442 187 304 302 303 311
1443 187 304 302 303 312
1444 187 319 317 318 325
1445 187 319 317 318 326
1446 187 319 317 318 327
1447 187 334 332 333 340
1448 187 334 332 333 341
1449 187 334 332 333 342
1450 187 349 347 348 355
1451 187 349 347 348 356
1452 187 349 347 348 357
1453 187 364 362 363 370
1454 187 364 362 363 371
1455 187 364 362 363 372
1456 187 379 377 378 385
1457 187 379 377 378 386
1458 187 379 377 378 387
1459 187 394 392 393 400
1460 187 394 392 393 401
1461 187 394 392 393 402
1462 187 409 407 408 415
1463 187 409 407 408 416
1464 187 409 407 408 417
1465 187 424 422 423 430
1466 187 424 422 423 431
1467 187 424 422 423 432
1468 187 439 437 438 445
1469 187 439 437 438 446
1470 187 439 437 438 447
1471 187 454 452 453 460
1472 187 454 452 453 461
1473 187 454 452 453 462
1474 187 469 467 468 475
1475 187 469 467 468 476
1476 187 469 467 468 477
1477 187 484 482 483 490
1478 187 484 482 483 491
1479 187 484 482 483 492
1480 187 499 497 498 505
1481 187 499 497 498 506
1482 187 499 497 498 507
1483 187 514 512 513 520
1484 187 514 512 513 521
1485 187 514 512 513 522
1486 187 529 527 528 535
1487 187 529 527 528 536
1488 187 529 527 528 537
1489 187 544 542 543 550
1490 187 544 542 543 551
1491 187 544 542 543 552
1492 187 559 557 558 565
1493 187 559 557 558 566
1494 187 559 557 558 567
1495 187 574 572 573 580
1496 187 574 572 573 581
1497 187 574 572 573 582
1498 187 589 587 588 595
1499 187 589 587 588 596
1500 187 589 587 588 597
1501 187 604 602 603 610
1502 187 604 602 603 611
1503 187 604 602 603 612
1504 187 619 617 618 625
1505 187 619 617 618 626
1506 187 619 617 618 627
1507 187 634 632 633 640
1508 187 634 632 633 641
1509 187 634 632 633 642
1510 187 649 647 648 655
1511 187 649 647 648 656
1512 187 649 647 648 657
1513 187 664 662 663 670
1514 187 664 662 663 671
1515 187 664 662 663 672
1516 187 679 677 678 685
1517 187 679 677 678 686
1518 187 679 677 678 687
1519 187 694 692 693 700
1520 187 694 692 693 701
1521 187 694 692 693 702
1522 187 709 707 708 715
1523 187 709 707 708 716
1524 187 709 707 708 717
1525 187 724 722 723 730
1526 187 724 722 723 731
1527 187 724 722 723 732
1528 187 739 737 738 745
1529 187 739 737 738 746
1530 187 739 737 738 747
1531 187 754 752 753 760
1532 187 754 752 753 761
1533 187 754 752 753 762
1534 187 769 767 768 775
1535 187 769 767 768 776
1536 187 769 767 768 777
1537 187 784 782 783 790
1538 187 784 782 783 791
1539 187 784 782 783 792
1540 187 799 797 798 805
1541 187 799 797 798 806
1542 187 799 797 798 807
1543 187 814 812 813 820
1544 187 814 812 813 821
1545 187 814 812 813 822
1546 187 829 827 828 835
1547 187 829 827 828 836
1548 187 829 827 828 837
1549 187 844 842 843 850
1550 187 844 842 843 851
1551 187 844 842 843 852
1552 187 859 857 858 865
1553 187 859 857 858 866
1554 187 859 857 858 867
1555 187 874 872 873 880
1556 187 874 872 873 881
1557 187 874 872 873 882
1558 187 889 887 888 895
1559 187 889 887 888 896
1560 187 889 887 888 897
1561 187 904 902 903 910
1562 187 904 902 903 911
1563 187 904 902 903 912
1564 187 919 917 918 925
1565 187 919 917 918 926
1566 187 919 917 918 927
1567 187 934 932 933 940
1568 187 934 932 933 941
1569 187 934 932 933 942
1570 187 949 947 948 955
1571 187 949 947 948 956
1572 187 949 947 948 957
1573 187 964 962 963 970
1574 187 964 962 963 971
1575 187 964 962 963 972
1576 187 979 977 978 985
1577 187 979 977 978 986
1578 187 979 977 978 987
1579 187 994 992 993 1000
1580 187 994 992 993 1001
1581 187 994 992 993 1002
1582 187 1009 1007 1008 1015
1583 187 1009 1007 1008 1016
1584 187 1009 1007 1008 1017
1585 187 1024 1022 1023 1030
1586 187 1024 1022 1023 1031
1587 187 1024 1022 1023 1032
1588 187 1039 1037 1038 1045
1589 187 1039 1037 1038 1046
1590 187 1039 1037 1038 1047
1591 187 1054 1052 1053 1060
1592 187 1054 1052 1053 1061
1593 187 1054 1052 1053 1062
1594 187 1069 1067 1068 1075
1595 187 1069 1067 1068 1076
1596 187 1069 1067 1068 1077
1597 187 1084 1082 1083 1090
1598 187 1084 1082 1083 1091
1599 187 1084 1082 1083 1092
1600 187 1099 1097 1098 1105
1601 187 1099 1097 1098 1106
1602 187 1099 1097 1098 1107
1603 187 1114 1112 1113 1120
1604 187 1114 1112 1113 1121
1605 187 1114 1112 1113 1122
1606 187 1129 1127 1128 1135
1607 187 1129 1127 1128 1136
1608 187 1129 1127 1128 1137
1609 187 1144 1142 1143 1150
1610 187 1144 1142 1143 1151
1611 187 1144 1142 1143 1152
1612 187 1159 1157 1158 1165
1613 187 1159 1157 1158 1166
1614 187 1159 1157 1158 1167
1615 187 1174 1172 1173 1180
1616 187 1174 1172 1173 1181
1617 187 1174 1172 1173 1182
1618 187 1189 1187 1188 1195
1619 187 1189 1187 1188 1196
1620 187 1189 1187 1188 1197
1621 187 1204 1202 1203 1210
1622 187 1204 1202 1203 1211
1623 187 1204 1202 1203 1212
1624 187 1219 1217 1218 1225
1625 187 1219 1217 1218 1226
1626 187 1219 1217 1218 1227
1627 187 1234 1232 1233 1240
1628 187 1234 1232 1233 1241
1629 187 1234 1232 1233 1242
1630 187 1249 1247 1248 1255
1631 187 1249 1247 1248 1256
1632 187 1249 1247 1248 1257
1633 187 1264 1262 1263 1270
1634 187 1264 1262 1263 1271
1635 187 1264 1262 1263 1272
1636 187 1279 1277 1278 1285
1637 187 1279 1277 1278 1286
1638 187 1279 1277 1278 1287
1639 187 1294 1292 1293 1300
1640 187 1294 1292 1293 1301
1641 187 1294 1292 1293 1302
1642 187 1309 1307 1308 1315
1643 187 1309 1307 1308 1316
1644 187 1309 1307 1308 1317
1645 187 1324 1322 1323 1330
1646 187 1324 1322 1323 1331
1647 187 1324 1322 1323 1332
1648 187 1339 1337 1338 1345
1649 187 1339 1337 1338 1346
1650 187 1339 1337 1338 1347
1651 187 1354 1352 1353 1360
1652 187 1354 1352 1353 1361
1653 187 1354 1352 1353 1362
1654 187 1369 1367 1368 1375
1655 187 1369 1367 1368 1376
1656 187 1369 1367 1368 1377
1657 187 1384 1382 1383 1390
1658 187 1384 1382 1383 1391
1659 187 1384 1382 1383 1392
1660 187 1399 1397 1398 1405
1661 187 1399 1397 1398 1406
1662 187 1399 1397 1398 1407
1663 187 1414 1412 1413 1420
1664 187 1414 1412 1413 1421
1665 187 1414 1412 1413 1422
1666 187 1429 1427 1428 1435
1667 187 1429 1427 1428 1436
1668 187 1429 1427 1428 1437
1669 187 1444 1442 1443 1450
1670 187 1444 1442 1443 1451
1671 187 1444 1442 1443 1452
1672 187 1459 1457 1458 1465
1673 187 1459 1457 1458 1466
1674 187 1459 1457 1458 1467
1675 187 4 2 1471 1478
1676 187 4 2 1471 1479
1677 187 1474 1472 1471 1478
1678 187 1474 1472 1471 1479
1679 187 1489 1487 1486 1493
1680 187 1489 1487 1486 1494
1681 187 1474 1472 1473 1480
1682 187 1474 1472 1473 1481
1683 187 1474 1472 1473 1482
1684 187 1489 1487 1488 1495
1685 187 1489 1487 1488 1496
1686 187 1489 1487 1488 1497
1687 187 1463 1456 1487 1489
1688 187 1464 1456 1487 1489
1689 196 1 2 1471 1472
1690 196 1 17 16 32
1691 196 2 1 17 16
1692 196 16 32 31 47
1693 196 17 16 32 31
1694 196 31 47 46 62
1695 196 32 31 47 46
1696 196 46 62 61 77
1697 196 47 46 62 61
1698 196 61 77 76 92
1699 196 62 61 77 76
1700 196 76 92 91 107
1701 196 77 76 92 91
1702 196 91 107 106 122
1703 196 92 91 107 106
1704 196 106 122 121 137
1705 196 107 106 122 121
1706 196 121 137 136 152
1707 196 122 121 137 136
1708 196 136 152 151 167
1709 196 137 136 152 151
1710 196 151 167 166 182
1711 196 152 151 167 166
1712 196 166 182 181 197
1713 196 167 166 182 181
1714 196 181 197 196 212
1715 196 182 181 197 196
1716 196 196 212 211 227
1717 196 197 196 212 211
1718 196 211 227 226 242
1719 196 212 211 227 226
1720 196 226 242 241 257
1721 196 227 226 242 241
1722 196 241 257 256 272
1723 196 242 241 257 256
1724 196 256 272 271 287
1725 196 257 256 272 271
1726 196 271 287 286 302
1727 196 272 271 287 286
1728 196 286 302 301 317
1729 196 287 286 302 301
1730 196 301 317 316 332
1731 196 302 301 317 316
1732 196 316 332 331 347
1733 196 317 316 332 331
1734 196 331 347 346 362
1735 196 332 331 347 346
1736 196 346 362 361 377
1737 196 347 346 362 361
1738 196 361 377 376 392
1739 196 362 361 377 376
1740 196 376 392 391 407
1741 196 377 376 392 391
1742 196 391 407 406 422
1743 196 392 391 407 406
1744 196 406 422 421 437
1745 196 407 406 422 421
1746 196 421 437 436 452
1747 196 422 421 437 436
1748 196 436 452 451 467
1749 196 437 436 452 451
1750 196 451 467 466 482
1751 196 452 451 467 466
1752 196 466 482 481 497
1753 196 467 466 482 481
1754 196 481 497 496 512
1755 196 482 481 497 496
1756 196 496 512 511 527
1757 196 497 496 512 511
1758 196 511 527 526 542
1759 196 512 511 527 526
1760 196 526 542 541 557
1761 196 527 526 542 541
1762 196 541 557 556 572
1763 196 542 541 557 556
1764 196 556 572 571 587
1765 196 557 556 572 571
1766 196 571 587 586 602
1767 196 572 571 587 586
1768 196 586 602 601 617
1769 196 587 586 602 601
1770 196 601 617 616 632
1771 196 602 601 617 616
1772 196 616 632 631 647
1773 196 617 616 632 631
1774 196 631 647 646 662
1775 196 632 631 647 646
1776 196 646 662 661 677
1777 196 647 646 662 661
1778 196 661 677 676 692
1779 196 662 661 677 676
1780 196 676 692 691 707
1781 196 677 676 692 691
1782 196 691 707 706 722
1783 196 692 691 707 706
1784 196 706 722 721 737
1785 196 707 706 722 721
1786 196 722 721 737 736
1787 196 751 767 766 782
1788 196 752 751 767 766
1789 196 766 782 781 797
1790 196 767 766 782 781
1791 196 781 797 796 812
1792 196 782 781 797 796
1793 196 796 812 811 827
1794 196 797 796 812 811
1795 196 811 827 826 842
1796 196 812 811 827 826
1797 196 826 842 841 857
1798 196 827 826 842 841
1799 196 841 857 856 872
1800 196 842 841 857 856
1801 196 856 872 871 887
1802 196 857 856 872 871
1803 196 871 887 886 902
1804 196 872 871 887 886
1805 196 886 902 901 917
1806 196 887 886 902 901
1807 196 901 917 916 932
1808 196 902 901 917 916
1809 196 916 932 931 947
1810 196 917 916 932 931
1811 196 931 947 946 962
1812 196 932 931 947 946
1813 196 946 962 961 977
1814 196 947 946 962 961
1815 196 961 977 976 992
1816 196 962 961 977 976
1817 196 976 992 991 1007
1818 196 977 976 992 991
1819 196 991 1007 1006 1022
1820 196 992 991 1007 1006
1821 196 1006 1022 1021 1037
1822 196 1007 1006 1022 1021
1823 196 1021 1037 1036 1052
1824 196 1022 1021 1037 1036
1825 196 1036 1052 1051 1067
1826 196 1037 1036 1052 1051
1827 196 1051 1067 1066 1082
1828 196 1052 1051 1067 1066
1829 196 1066 1082 1081 1097
1830 196 1067 1066 1082 1081
1831 196 1081 1097 1096 1112
1832 196 1082 1081 1097 1096
1833 196 1096 1112 1111 1127
1834 196 1097 1096 1112 1111
1835 196 1111 1127 1126 1142
1836 196 1112 1111 1127 1126
1837 196 1126 1142 1141 1157
1838 196 1127 1126 1142 1141
1839 196 1141 1157 1156 1172
1840 196 1142 1141 1157 1156
1841 196 1156 1172 1171 1187
1842 196 1157 1156 1172 1171
1843 196 1171 1187 1186 1202
1844 196 1172 1171 1187 1186
1845 196 1186 1202 1201 1217
1846 196 1187 1186 1202 1201
1847 196 1201 1217 1216 1232
1848 196 1202 1201 1217 1216
1849 196 1216 1232 1231 1247
1850 196 1217 1216 1232 1231
1851 196 1231 1247 1246 1262
1852 196 1232 1231 1247 1246
1853 196 1246 1262 1261 1277
1854 196 1247 1246 1262 1261
1855 196 1261 1277 1276 1292
1856 196 1262 1261 1277 1276
1857 196 1276 1292 1291 1307
1858 196 1277 1276 1292 1291
1859 196 1291 1307 1306 1322
1860 196 1292 1291 1307 1306
1861 196 1306 1322 1321 1337
1862 196 1307 1306 1322 1321
1863 196 1321 1337 1336 1352
1864 196 1322 1321 1337 1336
1865 196 1336 1352 1351 1367
1866 196 1337 1336 1352 1351
1867 196 1351 1367 1366 1382
1868 196 1352 1351 1367 1366
1869 196 1366 1382 1381 1397
1870 196 1367 1366 1382 1381
1871 196 1381 1397 1396 1412
1872 196 1382 1381 1397 1396
1873 196 1396 1412 1411 1427
1874 196 1397 1396 1412 1411
1875 196 1411 1427 1426 1442
1876 196 1412 1411 1427 1426
1877 196 1426 1442 1441 1457
1878 196 1427 1426 1442 1441
1879 196 1442 1441 1457 1456
1880 196 2 1 17 18
1881 196 17 16 32 33
1882 196 3 2 1 17
1883 196 17 1 2 1471
1884 196 32 31 47 48
1885 196 18 17 16 32
1886 196 47 46 62 63
1887 196 33 32 31 47
1888 196 62 61 77 78
1889 196 48 47 46 62
1890 196 77 76 92 93
1891 196 63 62 61 77
1892 196 92 91 107 108
1893 196 78 77 76 92
1894 196 107 106 122 123
1895 196 93 92 91 107
1896 196 122 121 137 138
1897 196 108 107 106 122
1898 196 137 136 152 153
1899 196 123 122 121 137
1900 196 152 151 167 168
1901 196 138 137 136 152
1902 196 167 166 182 183
1903 196 153 152 151 167
1904 196 182 181 197 198
1905 196 168 167 166 182
1906 196 197 196 212 213
1907 196 183 182 181 197
1908 196 212 211 227 228
1909 196 198 197 196 212
1910 196 227 226 242 243
1911 196 213 212 211 227
1912 196 242 241 257 258
1913 196 228 227 226 242
1914 196 257 256 272 273
1915 196 243 242 241 257
1916 196 272 271 287 288
1917 196 258 257 256 272
1918 196 287 286 302 303
1919 196 273 272 271 287
1920 196 302 301 317 318
1921 196 288 287 286 302
1922 196 317 316 332 333
1923 196 303 302 301 317
1924 196 332 331 347 348
1925 196 318 317 316 332
1926 196 347 346 362 363
1927 196 333 332 331 347
1928 196 362 361 377 378
1929 196 348 347 346 362
1930 196 377 376 392 393
1931 196 363 362 361 377
1932 196 392 391 407 408
1933 196 378 377 376 392
1934 196 407 406 422 423
1935 196 393 392 391 407
1936 196 422 421 437 438
1937 196 408 407 406 422
1938 196 437 436 452 453
1939 196 423 422 421 437
1940 196 452 451 467 468
1941 196 438 437 436 452
1942 196 467 466 482 483
1943 196 453 452 451 467
1944 196 482 481 497 498
1945 196 468 467 466 482
1946 196 497 496 512 513
1947 196 483 482 481 497
1948 196 512 511 527 528
1949 196 498 497 496 512
1950 196 527 526 542 543
1951 196 513 512 511 527
1952 196 542 541 557 558
1953 196 528 527 526 542
1954 196 557 556 572 573
1955 196 543 542 541 557
1956 196 572 571 587 588
1957 196 558 557 556 572
1958 196 587 586 602 603
1959 196 573 572 571 587
1960 196 602 601 617 618
1961 196 588 587 586 602
1962 196 617 616 632 633
1963 196 603 602 601 617
1964 196 632 631 647 648
1965 196 618 617 616 632
1966 196 647 646 662 663
1967 196 633 632 631 647
1968 196 662 661 677 678
1969 196 648 647 646 662
1970 196 677 676 692 693
1971 196 663 662 661 677
1972 196 692 691 707 708
1973 196 678 677 676 692
1974 196 707 706 722 723
1975 196 693 692 691 707
1976 196 722 721 737 738
1977 196 708 707 706 722
1978 196 723 722 721 737
1979 196 752 751 767 768
1980 196 767 766 782 783
1981 196 753 752 751 767
1982 196 782 781 797 798
1983 196 768 767 766 782
1984 196 797 796 812 813
1985 196 783 782 781 797
1986 196 812 811 827 828
1987 196 798 797 796 812
1988 196 827 826 842 843
1989 196 813 812 811 827
1990 196 842 841 857 858
1991 196 828 827 826 842
1992 196 857 856 872 873
1993 196 843 842 841 857
1994 196 872 871 887 888
1995 196 858 857 856 872
1996 196 887 886 902 903
1997 196 873 872 871 887
1998 196 902 901 917 918
1999 196 888 887 886 902
2000 196 917 916 932 933
2001 196 903 902 901 917
2002 196 932 931 947 948
2003 196 918 917 916 932
2004 196 947 946 962 963
2005 196 933 932 931 947
2006 196 962 961 977 978
2007 196 948 947 946 962
2008 196 977 976 992 993
2009 196 963 962 961 977
2010 196 992 991 1007 1008
2011 196 978 977 976 992
2012 196 1007 1006 1022 1023
2013 196 993 992 991 1007
2014 196 1022 1021 1037 1038
2015 196 1008 1007 1006 1022
2016 196 1037 1036 1052 1053
2017 196 1023 1022 1021 1037
2018 196 1052 1051 1067 1068
2019 196 1038 1037 1036 1052
2020 196 1067 1066 1082 1083
2021 196 1053 1052 1051 1067
2022 196 1082 1081 1097 1098
2023 196 1068 1067 1066 1082
2024 196 1097 1096 1112 1113
2025 196 1083 1082 1081 1097
2026 196 1112 1111 1127 1128
2027 196 1098 1097 1096 1112
2028 196 1127 1126 1142 1143
2029 196 1113 1112 1111 1127
2030 196 1142 1141 1157 1158
2031 196 1128 1127 1126 1142
2032 196 1157 1156 1172 1173
2033 196 1143 1142 1141 1157
2034 196 1172 1171 1187 1188
2035 196 1158 1157 1156 1172
2036 196 1187 1186 1202 1203
2037 196 1173 1172 1171 1187
2038 196 1202 1201 1217 1218
2039 196 1188 1187 1186 1202
2040 196 1217 1216 1232 1233
2041 196 1203 1202 1201 1217
2042 196 1232 1231 1247 1248
2043 196 1218 1217 1216 1232
2044 196 1247 1246 1262 1263
2045 196 1233 1232 1231 1247
2046 196 1262 1261 1277 1278
2047 196 1248 1247 1246 1262
2048 196 1277 1276 1292 1293
2049 196 1263 1262 1261 1277
2050 196 1292 1291 1307 1308
2051 196 1278 1277 1276 1292
2052 196 1307 1306 1322 1323
2053 196 1293 1292 1291 1307
2054 196 1322 1321 1337 1338
2055 196 1308 1307 1306 1322
2056 196 1337 1336 1352 1353
2057 196 1323 1322 1321 1337
2058 196 1352 1351 1367 1368
2059 196 1338 1337 1336 1352
2060 196 1367 1366 1382 1383
2061 196 1353 1352 1351 1367
2062 196 1382 1381 1397 1398
2063 196 1368 1367 1366 1382
2064 196 1397 1396 1412 1413
2065 196 1383 1382 1381 1397
2066 196 1412 1411 1427 1428
2067 196 1398 1397 1396 1412
2068 196 1427 1426 1442 1443
2069 196 1413 1412 1411 1427
2070 196 1442 1441 1457 1458
2071 196 1428 1427 1426 1442
2072 196 1443 1442 1441 1457
2073 196 2 1471 1472 1473
2074 196 3 2 1471 1472
2075 196 1441 1457 1456 1487
2076 196 1457 1456 1487 1486
2077 196 1457 1456 1487 1488
2078 196 1458 1457 1456 1487
2079 203 1 2 3 10
2080 203 1 2 3 11
2081 203 1 2 3 12
2082 203 1 17 18 25
2083 203 1 17 18 26
2084 203 1 17 18 27
2085 203 16 17 18 25
2086 203 16 17 18 26
2087 203 16 17 18 27
2088 203 16 32 33 40
2089 203 16 32 33 41
2090 203 16 32 33 42
2091 203 31 32 33 40
2092 203 31 32 33 41
2093 203 31 32 33 42
2094 203 31 47 48 55
2095 203 31 47 48 56
2096 203 31 47 48 57
2097 203 46 47 48 55
2098 203 46 47 48 56
2099 203 46 47 48 57
2100 203 46 62 63 70
2101 203 46 62 63 71
2102 203 46 62 63 72
2103 203 61 62 63 70
2104 203 61 62 63 71
2105 203 61 62 63 72
2106 203 61 77 78 85
2107 203 61 77 78 86
2108 203 61 77 78 87
2109 203 76 77 78 85
2110 203 76 77 78 86
2111 203 76 77 78 87
2112 203 76 92 93 100
2113 203 76 92 93 101
2114 203 76 92 93 102
2115 203 91 92 93 100
2116 203 91 92 93 101
2117 203 91 92 93 102
2118 203 91 107 108 115
2119 203 91 107 108 116
2120 203 91 107 108 117
2121 203 106 107 108 115
2122 203 106 107 108 116
2123 203 106 107 108 117
2124 203 106 122 123 130
2125 203 106 122 123 131
2126 203 106 122 123 132
2127 203 121 122 123 130
2128 203 121 122 123 131
2129 203 121 122 123 132
2130 203 121 137 138 145
2131 203 121 137 138 146
2132 203 121 137 138 147
2133 203 136 137 138 145
2134 203 136 137 138 146
2135 203 136 137 138 147
2136 203 136 152 153 160
2137 203 136 152 153 161
2138 203 136 152 153 162
2139 203 151 152 153 160
2140 203 151 152 153 161
2141 203 151 152 153 162
2142 203 151 167 168 175
2143 203 151 167 168 176
2144 203 151 167 168 177
2145 203 166 167 168 175
2146 203 166 167 168 176
2147 203 166 167 168 177
2148 203 166 182 183 190
2149 203 166 182 183 191
2150 203 166 182 183 192
2151 203 181 182 183 190
2152 203 181 182 183 191
2153 203 181 182 183 192
2154 203 181 197 198 205
2155 203 181 197 198 206
2156 203 181 197 198 207
2157 203 196 197 198 205
2158 203 196 197 198 206
2159 203 196 197 198 207
2160 203 196 212 213 220
2161 203 196 212 213 221
2162 203 196 212 213 222
2163 203 211 212 213 220
2164 203 211 212 213 221
2165 203 211 212 213 222
2166 203 211 227 228 235
2167 203 211 227 228 236
2168 203 211 227 228 237
2169 203 226 227 228 235
2170 203 226 227 228 236
2171 203 226 227 228 237
2172 203 226 242 243 250
2173 203 226 242 243 251
2174 203 226 242 243 252
2175 203 241 242 243 250
2176 203 241 242 243 251
2177 203 241 242 243 252
2178 203 241 257 258 265
2179 203 241 257 258 266
2180 203 241 257 258 267
2181 203 256 257 258 265
2182 203 256 257 258 266
2183 203 256 257 258 267
2184 203 256 272 273 280
2185 203 256 272 273 281
2186 203 256 272 273 282
2187 203 271 272 273 280
2188 203 271 272 273 281
2189 203 271 272 273 282
2190 203 271 287 288 295
2191 203 271 287 288 296
2192 203 271 287 288 297
2193 203 286 287 288 295
2194 203 286 287 288 296
2195 203 286 287 288 297
2196 203 286 302 303 310
2197 203 286 302 303 311
2198 203 286 302 303 312
2199 203 301 302 303 310
2200 203 301 302 303 311
2201 203 301 302 303 312
2202 203 301 317 318 325
2203 203 301 317 318 326
2204 203 301 317 318 327
2205 203 316 317 318 325
2206 203 316 317 318 326
2207 203 316 317 318 327
2208 203 316 332 333 340
2209 203 316 332 333 341
2210 203 316 332 333 342
2211 203 331 332 333 340
2212 203 331 332 333 341
2213 203 331 332 333 342
2214 203 331 347 348 355
2215 203 331 347 348 356
2216 203 331 347 348 357
2217 203 346 347 348 355
2218 203 346 347 348 356
2219 203 346 347 348 357
2220 203 346 362 363 370
2221 203 346 362 363 371
2222 203 346 362 363 372
2223 203 361 362 363 370
2224 203 361 362 363 371
2225 203 361 362 363 372
2226 203 361 377 378 385
2227 203 361 377 378 386
2228 203 361 377 378 387
2229 203 376 377 378 385
2230 203 376 377 378 386
2231 203 376 377 378 387
2232 203 376 392 393 400
2233 203 376 392 393 401
2234 203 376 392 393 402
2235 203 391 392 393 400
2236 203 391 392 393 401
2237 203 391 392 393 402
2238 203 391 407 408 415
2239 203 391 407 408 416
2240 203 391 407 408 417
2241 203 406 407 408 415
2242 203 406 407 408 416
2243 203 406 407 408 417
2244 203 406 422 423 430
2245 203 406 422 423 431
2246 203 406 422 423 432
2247 203 421 422 423 430
2248 203 421 422 423 431
2249 203 421 422 423 432
2250 203 421 437 438 445
2251 203 421 437 438 446
2252 203 421 437 438 447
2253 203 436 437 438 445
2254 203 436 437 438 446
2255 203 436 437 438 447
2256 203 436 452 453 460
2257 203 436 452 453 461
2258 203 436 452 453 462
2259 203 451 452 453 460
2260 203 451 452 453 461
2261 203 451 452 453 462
2262 203 451 467 468 475
2263 203 451 467 468 476
2264 203 451 467 468 477
2265 203 466 467 468 475
2266 203 466 467 468 476
2267 203 466 467 468 477
2268 203 466 482 483 490
2269 203 466 482 483 491
2270 203 466 482 483 492
2271 203 481 482 483 490
2272 203 481 482 483 491
2273 203 481 482 483 492
2274 203 481 497 498 505
2275 203 481 497 498 506
2276 203 481 497 498 507
2277 203 496 497 498 505
2278 203 496 497 498 506
2279 203 496 497 498 507
2280 203 496 512 513 520
2281 203 496 512 513 521
2282 203 496 512 513 522
2283 203 511 512 513 520
2284 203 511 512 513 521
2285 203 511 512 513 522
2286 203 511 527 528 535
2287 203 511 527 528 536
2288 203 511 527 528 537
2289 203 526 527 528 535
2290 203 526 527 528 536
2291 203 526 527 528 537
2292 203 526 542 543 550
2293 203 526 542 543 551
2294 203 526 542 543 552
2295 203 541 542 543 550
2296 203 541 542 543 551
2297 203 541 542 543 552
2298 203 541 557 558 565
2299 203 541 557 558 566
2300 203 541 557 558 567
2301 203 556 557 558 565
2302 203 556 557 558 566
2303 203 556 557 558 567
2304 203 556 572 573 580
2305 203 556 572 573 581
2306 203 556 572 573 582
2307 203 571 572 573 580
2308 203 571 572 573 581
2309 203 571 572 573 582
2310 203 571 587 588 595
2311 203 571 587 588 596
2312 203 571 587 588 597
2313 203 586 587 588 595
2314 203 586 587 588 596
2315 203 586 587 588 597
2316 203 586 602 603 610
2317 203 586 602 603 611
2318 203 586 602 603 612
2319 203 601 602 603 610
2320 203 601 602 603 611
2321 203 601 602 603 612
2322 203 601 617 618 625
2323 203 601 617 618 626
2324 203 601 617 618 627
2325 203 616 617 618 625
2326 203 616 617 618 626
2327 203 616 617 618 627
2328 203 616 632 633 640
2329 203 616 632 633 641
2330 203 616 632 633 642
2331 203 631 632 633 640
2332 203 631 632 633 641
2333 203 631 632 633 642
2334 203 631 647 648 655
2335 203 631 647 648 656
2336 203 631 647 648 657
2337 203 646 647 648 655
2338 203 646 647 648 656
2339 203 646 647 648 657
2340 203 646 662 663 670
2341 203 646 662 663 671
2342 203 646 662 663 672
2343 203 661 662 663 670
2344 203 661 662 663 671
2345 203 661 662 663 672
2346 203 661 677 678 685
2347 203 661 677 678 686
2348 203 661 677 678 687
2349 203 676 677 678 685
2350 203 676 677 678 686
2351 203 676 677 678 687
2352 203 676 692 693 700
2353 203 676 692 693 701
2354 203 676 692 693 702
2355 203 691 692 693 700
2356 203 691 692 693 701
2357 203 691 692 693 702
2358 203 691 707 708 715
2359 203 691 707 708 716
2360 203 691 707 708 717
2361 203 706 707 708 715
2362 203 706 707 708 716
2363 203 706 707 708 717
2364 203 706 722 723 730
2365 203 706 722 723 731
2366 203 706 722 723 732
2367 203 721 722 723 730
2368 203 721 722 723 731
2369 203 721 722 723 732
2370 203 721 737 738 745
2371 203 721 737 738 746
2372 203 721 737 738 747
2373 203 736 737 738 745
2374 203 736 737 738 746
2375 203 736 737 738 747
2376 203 751 752 753 760
2377 203 751 752 753 761
2378 203 751 752 753 762
2379 203 751 767 768 775
2380 203 751 767 768 776
2381 203 751 767 768 777
2382 203 766 767 768 775
2383 203 766 767 768 776
2384 203 766 767 768 777
2385 203 766 782 783 790
2386 203 766 782 783 791
2387 203 766 782 783 792
2388 203 781 782 783 790
2389 203 781 782 783 791
2390 203 781 782 783 792
2391 203 781 797 798 805
2392 203 781 797 798 806
2393 203 781 797 798 807
2394 203 796 797 798 805
2395 203 796 797 798 806
2396 203 796 797 798 807
2397 203 796 812 813 820
2398 203 796 812 813 821
2399 203 796 812 813 822
2400 203 811 812 813 820
2401 203 811 812 813 821
2402 203 811 812 813 822
2403 203 811 827 828 835
2404 203 811 827 828 836
2405 203 811 827 828 837
2406 203 826 827 828 835
2407 203 826 827 828 836
2408 203 826 827 828 837
2409 203 826 842 843 850
2410 203 826 842 843 851
2411 203 826 842 843 852
2412 203 841 842 843 850
2413 203 841 842 843 851
2414 203 841 842 843 852
2415 203 841 857 858 865
2416 203 841 857 858 866
2417 203 841 857 858 867
2418 203 856 857 858 865
2419 203 856 857 858 866
2420 203 856 857 858 867
2421 203 856 872 873 880
2422 203 856 872 873 881
2423 203 856 872 873 882
2424 203 871 872 873 880
2425 203 871 872 873 881
2426 203 871 872 873 882
2427 203 871 887 888 895
2428 203 871 887 888 896
2429 203 871 887 888 897
2430 203 886 887 888 895
2431 203 886 887 888 896
2432 203 886 887 888 897
2433 203 886 902 903 910
2434 203 886 902 903 911
2435 203 886 902 903 912
2436 203 901 902 903 910
2437 203 901 902 903 911
2438 203 901 902 903 912
2439 203 901 917 918 925
2440 203 901 917 918 926
2441 203 901 917 918 927
2442 203 916 917 918 925
2443 203 916 917 918 926
2444 203 916 917 918 927
2445 203 916 932 933 940
2446 203 916 932 933 941
2447 203 916 932 933 942
2448 203 931 932 933 940
2449 203 931 932 933 941
2450 203 931 932 933 942
2451 203 931 947 948 955
2452 203 931 947 948 956
2453 203 931 947 948 957
2454 203 946 947 948 955
2455 203 946 947 948 956
2456 203 946 947 948 957
2457 203 946 962 963 970
2458 203 946 962 963 971
2459 203 946 962 963 972
2460 203 961 962 963 970
2461 203 961 962 963 971
2462 203 961 962 963 972
2463 203 961 977 978 985
2464 203 961 977 978 986
2465 203 961 977 978 987
2466 203 976 977 978 985
2467 203 976 977 978 986
2468 203 976 977 978 987
2469 203 976 992 993 1000
2470 203 976 992 993 1001
2471 203 976 992 993 1002
2472 203 991 992 993 1000
2473 203 991 992 993 1001
2474 203 991 992 993 1002
2475 203 991 1007 1008 1015
2476 203 991 1007 1008 1016
2477 203 991 1007 1008 1017
2478 203 1006 1007 1008 1015
2479 203 1006 1007 1008 1016
2480 203 1006 1007 1008 1017
2481 203 1006 1022 1023 1030
2482 203 1006 1022 1023 1031
2483 203 1006 1022 1023 1032
2484 203 1021 1022 1023 1030
2485 203 1021 1022 1023 1031
2486 203 1021 1022 1023 1032
2487 203 1021 1037 1038 1045
2488 203 1021 1037 1038 1046
2489 203 1021 1037 1038 1047
2490 203 1036 1037 1038 1045
2491 203 1036 1037 1038 1046
2492 203 1036 1037 1038 1047
2493 203 1036 1052 1053 1060
2494 203 1036 1052 1053 1061
2495 203 1036 1052 1053 1062
2496 203 1051 1052 1053 1060
2497 203 1051 1052 1053 1061
2498 203 1051 1052 1053 1062
2499 203 1051 1067 1068 1075
2500 203 1051 1067 1068 1076
2501 203 1051 1067 1068 1077
2502 203 1066 1067 1068 1075
2503 203 1066 1067 1068 1076
2504 203 1066 1067 1068 1077
2505 203 1066 1082 1083 1090
2506 203 1066 1082 1083 1091
2507 203 1066 1082 1083 1092
2508 203 1081 1082 1083 1090
2509 203 1081 1082 1083 1091
2510 203 1081 1082 1083 1092
2511 203 1081 1097 1098 1105
2512 203 1081 1097 1098 1106
2513 203 1081 1097 1098 1107
2514 203 1096 1097 1098 1105
2515 203 1096 1097 1098 1106
2516 203 1096 1097 1098 1107
2517 203 1096 1112 1113 1120
2518 203 1096 1112 1113 1121
2519 203 1096 1112 1113 1122
2520 203 1111 1112 1113 1120
2521 203 1111 1112 1113 1121
2522 203 1111 1112 1113 1122
2523 203 1111 1127 1128 1135
2524 203 1111 1127 1128 1136
2525 203 1111 1127 1128 1137
2526 203 1126 1127 1128 1135
2527 203 1126 1127 1128 1136
2528 203 1126 1127 1128 1137
2529 203 1126 1142 1143 1150
2530 203 1126 1142 1143 1151
2531 203 1126 1142 1143 1152
2532 203 1141 1142 1143 1150
2533 203 1141 1142 1143 1151
2534 203 1141 1142 1143 1152
2535 203 1141 1157 1158 1165
2536 203 1141 1157 1158 1166
2537 203 1141 1157 1158 1167
2538 203 1156 1157 1158 1165
2539 203 1156 1157 1158 1166
2540 203 1156 1157 1158 1167
2541 203 1156 1172 1173 1180
2542 203 1156 1172 1173 1181
2543 203 1156 1172 1173 1182
2544 203 1171 1172 1173 1180
2545 203 1171 1172 1173 1181
2546 203 1171 1172 1173 1182
2547 203 1171 1187 1188 1195
2548 203 1171 1187 1188 1196
2549 203 1171 1187 1188 1197
2550 203 1186 1187 1188 1195
2551 203 1186 1187 1188 1196
2552 203 1186 1187 1188 1197
2553 203 1186 1202 1203 1210
2554 203 1186 1202 1203 1211
2555 203 1186 1202 1203 1212
2556 203 1201 1202 1203 1210
2557 203 1201 1202 1203 1211
2558 203 1201 1202 1203 1212
2559 203 1201 1217 1218 1225
2560 203 1201 1217 1218 1226
2561 203 1201 1217 1218 1227
2562 203 1216 1217 1218 1225
2563 203 1216 1217 1218 1226
2564 203 1216 1217 1218 1227
2565 203 1216 1232 1233 1240
2566 203 1216 1232 1233 1241
2567 203 1216 1232 1233 1242
2568 203 1231 1232 1233 1240
2569 203 1231 1232 1233 1241
2570 203 1231 1232 1233 1242
2571 203 1231 1247 1248 1255
2572 203 1231 1247 1248 1256
2573 203 1231 1247 1248 1257
2574 203 1246 1247 1248 1255
2575 203 1246 1247 1248 1256
2576 203 1246 1247 1248 1257
2577 203 1246 1262 1263 1270
2578 203 1246 1262 1263 1271
2579 203 1246 1262 1263 1272
2580 203 1261 1262 1263 1270
2581 203 1261 1262 1263 1271
2582 203 1261 1262 1263 1272
2583 203 1261 1277 1278 1285
2584 203 1261 1277 1278 1286
2585 203 1261 1277 1278 1287
2586 203 1276 1277 1278 1285
2587 203 1276 1277 1278 1286
2588 203 1276 1277 1278 1287
2589 203 1276 1292 1293 1300
2590 203 1276 1292 1293 1301
2591 203 1276 1292 1293 1302
2592 203 1291 1292 1293 1300
2593 203 1291 1292 1293 1301
2594 203 1291 1292 1293 1302
2595 203 1291 1307 1308 1315
2596 203 1291 1307 1308 1316
2597 203 1291 1307 1308 1317
2598 203 1306 1307 1308 1315
2599 203 1306 1307 1308 1316
2600 203 1306 1307 1308 1317
2601 203 1306 1322 1323 1330
2602 203 1306 1322 1323 1331
2603 203 1306 1322 1323 1332
2604 203 1321 1322 1323 1330
2605 203 1321 1322 1323 1331
2606 203 1321 1322 1323 1332
2607 203 1321 1337 1338 1345
2608 203 1321 1337 1338 1346
2609 203 1321 1337 1338 1347
2610 203 1336 1337 1338 1345
2611 203 1336 1337 1338 1346
2612 203 1336 1337 1338 1347
2613 203 1336 1352 1353 1360
2614 203 1336 1352 1353 1361
2615 203 1336 1352 1353 1362
2616 203 1351 1352 1353 1360
2617 203 1351 1352 1353 1361
2618 203 1351 1352 1353 1362
2619 203 1351 1367 1368 1375
2620 203 1351 1367 1368 1376
2621 203 1351 1367 1368 1377
2622 203 1366 1367 1368 1375
2623 203 1366 1367 1368 1376
2624 203 1366 1367 1368 1377
2625 203 1366 1382 1383 1390
2626 203 1366 1382 1383 1391
2627 203 1366 1382 1383 1392
2628 203 1381 1382 1383 1390
2629 203 1381 1382 1383 1391
2630 203 1381 1382 1383 1392
2631 203 1381 1397 1398 1405
2632 203 1381 1397 1398 1406
2633 203 1381 1397 1398 1407
2634 203 1396 1397 1398 1405
2635 203 1396 1397 1398 1406
2636 203 1396 1397 1398 1407
2637 203 1396 1412 1413 1420
2638 203 1396 1412 1413 1421
2639 203 1396 1412 1413 1422
2640 203 1411 1412 1413 1420
2641 203 1411 1412 1413 1421
2642 203 1411 1412 1413 1422
2643 203 1411 1427 1428 1435
2644 203 1411 1427 1428 1436
2645 203 1411 1427 1428 1437
2646 203 1426 1427 1428 1435
2647 203 1426 1427 1428 1436
2648 203 1426 1427 1428 1437
2649 203 1426 1442 1443 1450
2650 203 1426 1442 1443 1451
2651 203 1426 1442 1443 1452
2652 203 1441 1442 1443 1450
2653 203 1441 1442 1443 1451
2654 203 1441 1442 1443 1452
2655 203 1441 1457 1458 1465
2656 203 1441 1457 1458 1466
2657 203 1441 1457 1458 1467
2658 203 1456 1457 1458 1465
2659 203 1456 1457 1458 1466
2660 203 1456 1457 1458 1467
2661 203 1 2 1471 1478
2662 203 1 2 1471 1479
2663 203 1 17 16 23
2664 203 1 17 16 24
2665 203 8 1 17 16
2666 203 9 1 17 16
2667 203 16 32 31 38
2668 203 16 32 31 39
2669 203 23 16 32 31
2670 203 24 16 32 31
2671 203 31 47 46 53
2672 203 31 47 46 54
2673 203 38 31 47 46
2674 203 39 31 47 46
2675 203 46 62 61 68
2676 203 46 62 61 69
2677 203 53 46 62 61
2678 203 54 46 62 61
2679 203 61 77 76 83
2680 203 61 77 76 84
2681 203 68 61 77 76
2682 203 69 61 77 76
2683 203 76 92 91 98
2684 203 76 92 91 99
2685 203 83 76 92 91
2686 203 84 76 92 91
2687 203 91 107 106 113
2688 203 91 107 106 114
2689 203 98 91 107 106
2690 203 99 91 107 106
2691 203 106 122 121 128
2692 203 106 122 121 129
2693 203 113 106 122 121
2694 203 114 106 122 121
2695 203 121 137 136 143
2696 203 121 137 136 144
2697 203 128 121 137 136
2698 203 129 121 137 136
2699 203 136 152 151 158
2700 203 136 152 151 159
2701 203 143 136 152 151
2702 203 144 136 152 151
2703 203 151 167 166 173
2704 203 151 167 166 174
2705 203 158 151 167 166
2706 203 159 151 167 166
2707 203 166 182 181 188
2708 203 166 182 181 189
2709 203 173 166 182 181
2710 203 174 166 182 181
2711 203 181 197 196 203
2712 203 181 197 196 204
2713 203 188 181 197 196
2714 203 189 181 197 196
2715 203 196 212 211 218
2716 203 196 212 211 219
2717 203 203 196 212 211
2718 203 204 196 212 211
2719 203 211 227 226 233
2720 203 211 227 226 234
2721 203 218 211 227 226
2722 203 219 211 227 226
2723 203 226 242 241 248
2724 203 226 242 241 249
2725 203 233 226 242 241
2726 203 234 226 242 241
2727 203 241 257 256 263
2728 203 241 257 256 264
2729 203 248 241 257 256
2730 203 249 241 257 256
2731 203 256 272 271 278
2732 203 256 272 271 279
2733 203 263 256 272 271
2734 203 264 256 272 271
2735 203 271 287 286 293
2736 203 271 287 286 294
2737 203 278 271 287 286
2738 203 279 271 287 286
2739 203 286 302 301 308
2740 203 286 302 301 309
2741 203 293 286 302 301
2742 203 294 286 302 301
2743 203 301 317 316 323
2744 203 301 317 316 324
2745 203 308 301 317 316
2746 203 309 301 317 316
2747 203 316 332 331 338
2748 203 316 332 331 339
2749 203 323 316 332 331
2750 203 324 316 332 331
2751 203 331 347 346 353
2752 203 331 347 346 354
2753 203 338 331 347 346
2754 203 339 331 347 346
2755 203 346 362 361 368
2756 203 346 362 361 369
2757 203 353 346 362 361
2758 203 354 346 362 361
2759 203 361 377 376 383
2760 203 361 377 376 384
2761 203 368 361 377 376
2762 203 369 361 377 376
2763 203 376 392 391 398
2764 203 376 392 391 399
2765 203 383 376 392 391
2766 203 384 376 392 391
2767 203 391 407 406 413
2768 203 391 407 406 414
2769 203 398 391 407 406
2770 203 399 391 407 406
2771 203 406 422 421 428
2772 203 406 422 421 429
2773 203 413 406 422 421
2774 203 414 406 422 421
2775 203 421 437 436 443
2776 203 421 437 436 444
2777 203 428 421 437 436
2778 203 429 421 437 436
2779 203 436 452 451 458
2780 203 436 452 451 459
2781 203 443 436 452 451
2782 203 444 436 452 451
2783 203 451 467 466 473
2784 203 451 467 466 474
2785 203 458 451 467 466
2786 203 459 451 467 466
2787 203 466 482 481 488
2788 203 466 482 481 489
2789 203 473 466 482 481
2790 203 474 466 482 481
2791 203 481 497 496 503
2792 203 481 497 496 504
2793 203 488 481 497 496
2794 203 489 481 497 496
2795 203 496 512 511 518
2796 203 496 512 511 519
2797 203 503 496 512 511
2798 203 504 496 512 511
2799 203 511 527 526 533
2800 203 511 527 526 534
2801 203 518 511 527 526
2802 203 519 511 527 526
2803 203 526 542 541 548
2804 203 526 542 541 549
2805 203 533 526 542 541
2806 203 534 526 542 541
2807 203 541 557 556 563
2808 203 541 557 556 564
2809 203 548 541 557 556
2810 203 549 541 557 556
2811 203 556 572 571 578
2812 203 556 572 571 579
2813 203 563 556 572 571
2814 203 564 556 572 571
2815 203 571 587 586 593
2816 203 571 587 586 594
2817 203 578 571 587 586
2818 203 579 571 587 586
2819 203 586 602 601 608
2820 203 586 602 601 609
2821 203 593 586 602 601
2822 203 594 586 602 601
2823 203 601 617 616 623
2824 203 601 617 616 624
2825 203 608 601 617 616
2826 203 609 601 617 616
2827 203 616 632 631 638
2828 203 616 632 631 639
2829 203 623 616 632 631
2830 203 624 616 632 631
2831 203 631 647 646 653
2832 203 631 647 646 654
2833 203 638 631 647 646
2834 203 639 631 647 646
2835 203 646 662 661 668
2836 203 646 662 661 669
2837 203 653 646 662 661
2838 203 654 646 662 661
2839 203 661 677 676 683
2840 203 661 677 676 684
2841 203 668 661 677 676
2842 203 669 661 677 676
2843 203 676 692 691 698
2844 203 676 692 691 699
2845 203 683 676 692 691
2846 203 684 676 692 691
2847 203 691 707 706 713
2848 203 691 707 706 714
2849 203 698 691 707 706
2850 203 699 691 707 706
2851 203 706 722 721 728
2852 203 706 722 721 729
2853 203 713 706 722 721
2854 203 714 706 722 721
2855 203 721 737 736 743
2856 203 721 737 736 744
2857 203 728 721 737 736
2858 203 729 721 737 736
2859 203 751 767 766 773
2860 203 751 767 766 774
2861 203 758 751 767 766
2862 203 759 751 767 766
2863 203 766 782 781 788
2864 203 766 782 781 789
2865 203 773 766 782 781
2866 203 774 766 782 781
2867 203 781 797 796 803
2868 203 781 797 796 804
2869 203 788 781 797 796
2870 203 789 781 797 796
2871 203 796 812 811 818
2872 203 796 812 811 819
2873 203 803 796 812 811
2874 203 804 796 812 811
2875 203 811 827 826 833
2876 203 811 827 826 834
2877 203 818 811 827 826
2878 203 819 811 827 826
2879 203 826 842 841 848
2880 203 826 842 841 849
2881 203 833 826 842 841
2882 203 834 826 842 841
2883 203 841 857 856 863
2884 203 841 857 856 864
2885 203 848 841 857 856
2886 203 849 841 857 856
2887 203 856 872 871 878
2888 203 856 872 871 879
2889 203 863 856 872 871
2890 203 864 856 872 871
2891 203 871 887 886 893
2892 203 871 887 886 894
2893 203 878 871 887 886
2894 203 879 871 887 886
2895 203 886 902 901 908
2896 203 886 902 901 909
2897 203 893 886 902 901
2898 203 894 886 902 901
2899 203 901 917 916 923
2900 203 901 917 916 924
2901 203 908 901 917 916
2902 203 909 901 917 916
2903 203 916 932 931 938
2904 203 916 932 931 939
2905 203 923 916 932 931
2906 203 924 916 932 931
2907 203 931 947 946 953
2908 203 931 947 946 954
2909 203 938 931 947 946
2910 203 939 931 947 946
2911 203 946 962 961 968
2912 203 946 962 961 969
2913 203 953 946 962 961
2914 203 954 946 962 961
2915 203 961 977 976 983
2916 203 961 977 976 984
2917 203 968 961 977 976
2918 203 969 961 977 976
2919 203 976 992 991 998
2920 203 976 992 991 999
2921 203 983 976 992 991
2922 203 984 976 992 991
2923 203 991 1007 1006 1013
2924 203 991 1007 1006 1014
2925 203 998 991 1007 1006
2926 203 999 991 1007 1006
2927 203 1006 1022 1021 1028
2928 203 1006 1022 1021 1029
2929 203 1013 1006 1022 1021
2930 203 1014 1006 1022 1021
2931 203 1021 1037 1036 1043
2932 203 1021 1037 1036 1044
2933 203 1028 1021 1037 1036
2934 203 1029 1021 1037 1036
2935 203 1036 1052 1051 1058
2936 203 1036 1052 1051 1059
2937 203 1043 1036 1052 1051
2938 203 1044 1036 1052 1051
2939 203 1051 1067 1066 1073
2940 203 1051 1067 1066 1074
2941 203 1058 1051 1067 1066
2942 203 1059 1051 1067 1066
2943 203 1066 1082 1081 1088
2944 203 1066 1082 1081 1089
2945 203 1073 1066 1082 1081
2946 203 1074 1066 1082 1081
2947 203 1081 1097 1096 1103
2948 203 1081 1097 1096 1104
2949 203 1088 1081 1097 1096
2950 203 1089 1081 1097 1096
2951 203 1096 1112 1111 1118
2952 203 1096 1112 1111 1119
2953 203 1103 1096 1112 1111
2954 203 1104 1096 1112 1111
2955 203 1111 1127 1126 1133
2956 203 1111 1127 1126 1134
2957 203 1118 1111 1127 1126
2958 203 1119 1111 1127 1126
2959 203 1126 1142 1141 1148
2960 203 1126 1142 1141 1149
2961 203 1133 1126 1142 1141
2962 203 1134 1126 1142 1141
2963 203 1141 1157 1156 1163
2964 203 1141 1157 1156 1164
2965 203 1148 1141 1157 1156
2966 203 1149 1141 1157 1156
2967 203 1156 1172 1171 1178
2968 203 1156 1172 1171 1179
2969 203 1163 1156 1172 1171
2970 203 1164 1156 1172 1171
2971 203 1171 1187 1186 1193
2972 203 1171 1187 1186 1194
2973 203 1178 1171 1187 1186
2974 203 1179 1171 1187 1186
2975 203 1186 1202 1201 1208
2976 203 1186 1202 1201 1209
2977 203 1193 1186 1202 1201
2978 203 1194 1186 1202 1201
2979 203 1201 1217 1216 1223
2980 203 1201 1217 1216 1224
2981 203 1208 1201 1217 1216
2982 203 1209 1201 1217 1216
2983 203 1216 1232 1231 1238
2984 203 1216 1232 1231 1239
2985 203 1223 1216 1232 1231
2986 203 1224 1216 1232 1231
2987 203 1231 1247 1246 1253
2988 203 1231 1247 1246 1254
2989 203 1238 1231 1247 1246
2990 203 1239 1231 1247 1246
2991 203 1246 1262 1261 1268
2992 203 1246 1262 1261 1269
2993 203 1253 1246 1262 1261
2994 203 1254 1246 1262 1261
2995 203 1261 1277 1276 1283
2996 203 1261 1277 1276 1284
2997 203 1268 1261 1277 1276
2998 203 1269 1261 1277 1276
2999 203 1276 1292 1291 1298
3000 203 1276 1292 1291 1299
3001 203 1283 1276 1292 1291
3002 203 1284 1276 1292 1291
3003 203 1291 1307 1306 1313
3004 203 1291 1307 1306 1314
3005 203 1298 1291 1307 1306
3006 203 1299 1291 1307 1306
3007 203 1306 1322 1321 1328
3008 203 1306 1322 1321 1329
3009 203 1313 1306 1322 1321
3010 203 1314 1306 1322 1321
3011 203 1321 1337 1336 1343
3012 203 1321 1337 1336 1344
3013 203 1328 1321 1337 1336
3014 203 1329 1321 1337 1336
3015 203 1336 1352 1351 1358
3016 203 1336 1352 1351 1359
3017 203 1343 1336 1352 1351
3018 203 1344 1336 1352 1351
3019 203 1351 1367 1366 1373
3020 203 1351 1367 1366 1374
3021 203 1358 1351 1367 1366
3022 203 1359 1351 1367 1366
3023 203 1366 1382 1381 1388
3024 203 1366 1382 1381 1389
3025 203 1373 1366 1382 1381
3026 203 1374 1366 1382 1381
3027 203 1381 1397 1396 1403
3028 203 1381 1397 1396 1404
3029 203 1388 1381 1397 1396
3030 203 1389 1381 1397 1396
3031 203 1396 1412 1411 1418
3032 203 1396 1412 1411 1419
3033 203 1403 1396 1412 1411
3034 203 1404 1396 1412 1411
3035 203 1411 1427 1426 1433
3036 203 1411 1427 1426 1434
3037 203 1418 1411 1427 1426
3038 203 1419 1411 1427 1426
3039 203 1426 1442 1441 1448
3040 203 1426 1442 1441 1449
3041 203 1433 1426 1442 1441
3042 203 1434 1426 1442 1441
3043 203 1441 1457 1456 1463
3044 203 1441 1457 1456 1464
3045 203 1448 1441 1457 1456
3046 203 1449 1441 1457 1456
3047 203 3 2 1 8
3048 203 3 2 1 9
3049 203 18 17 16 23
3050 203 18 17 16 24
3051 203 8 1 17 18
3052 203 9 1 17 18
3053 203 33 32 31 38
3054 203 33 32 31 39
3055 203 23 16 32 33
3056 203 24 16 32 33
3057 203 48 47 46 53
3058 203 48 47 46 54
3059 203 38 31 47 48
3060 203 39 31 47 48
3061 203 63 62 61 68
3062 203 63 62 61 69
3063 203 53 46 62 63
3064 203 54 46 62 63
3065 203 78 77 76 83
3066 203 78 77 76 84
3067 203 68 61 77 78
3068 203 69 61 77 78
3069 203 93 92 91 98
3070 203 93 92 91 99
3071 203 83 76 92 93
3072 203 84 76 92 93
3073 203 108 107 106 113
3074 203 108 107 106 114
3075 203 98 91 107 108
3076 203 99 91 107 108
3077 203 123 122 121 128
3078 203 123 122 121 129
3079 203 113 106 122 123
3080 203 114 106 122 123
3081 203 138 137 136 143
3082 203 138 137 136 144
3083 203 128 121 137 138
3084 203 129 121 137 138
3085 203 153 152 151 158
3086 203 153 152 151 159
3087 203 143 136 152 153
3088 203 144 136 152 153
3089 203 168 167 166 173
3090 203 168 167 166 174
3091 203 158 151 167 168
3092 203 159 151 167 168
3093 203 183 182 181 188
3094 203 183 182 181 189
3095 203 173 166 182 183
3096 203 174 166 182 183
3097 203 198 197 196 203
3098 203 198 197 196 204
3099 203 188 181 197 198
3100 203 189 181 197 198
3101 203 213 212 211 218
3102 203 213 212 211 219
3103 203 203 196 212 213
3104 203 204 196 212 213
3105 203 228 227 226 233
3106 203 228 227 226 234
3107 203 218 211 227 228
3108 203 219 211 227 228
3109 203 243 242 241 248
3110 203 243 242 241 249
3111 203 233 226 242 243
3112 203 234 226 242 243
3113 203 258 257 256 263
3114 203 258 257 256 264
3115 203 248 241 257 258
3116 203 249 241 257 258
3117 203 273 272 271 278
3118 203 273 272 271 279
3119 203 263 256 272 273
3120 203 264 256 272 273
3121 203 288 287 286 293
3122 203 288 287 286 294
3123 203 278 271 287 288
3124 203 279 271 287 288
3125 203 303 302 301 308
3126 203 303 302 301 309
3127 203 293 286 302 303
3128 203 294 286 302 303
3129 203 318 317 316 323
3130 203 318 317 316 324
3131 203 308 301 317 318
3132 203 309 301 317 318
3133 203 333 332 331 338
3134 203 333 332 331 339
3135 203 323 316 332 333
3136 203 324 316 332 333
3137 203 348 347 346 353
3138 203 348 347 346 354
3139 203 338 331 347 348
3140 203 339 331 347 348
3141 203 363 362 361 368
3142 203 363 362 361 369
3143 203 353 346 362 363
3144 203 354 346 362 363
3145 203 378 377 376 383
3146 203 378 377 376 384
3147 203 368 361 377 378
3148 203 369 361 377 378
3149 203 393 392 391 398
3150 203 393 392 391 399
3151 203 383 376 392 393
3152 203 384 376 392 393
3153 203 408 407 406 413
3154 203 408 407 406 414
3155 203 398 391 407 408
3156 203 399 391 407 408
3157 203 423 422 421 428
3158 203 423 422 421 429
3159 203 413 406 422 423
3160 203 414 406 422 423
3161 203 438 437 436 443
3162 203 438 437 436 444
3163 203 428 421 437 438
3164 203 429 421 437 438
3165 203 453 452 451 458
3166 203 453 452 451 459
3167 203 443 436 452 453
3168 203 444 436 452 453
3169 203 468 467 466 473
3170 203 468 467 466 474
3171 203 458 451 467 468
3172 203 459 451 467 468
3173 203 483 482 481 488
3174 203 483 482 481 489
3175 203 473 466 482 483
3176 203 474 466 482 483
3177 203 498 497 496 503
3178 203 498 497 496 504
3179 203 488 481 497 498
3180 203 489 481 497 498
3181 203 513 512 511 518
3182 203 513 512 511 519
3183 203 503 496 512 513
3184 203 504 496 512 513
3185 203 528 527 526 533
3186 203 528 527 526 534
3187 203 518 511 527 528
3188 203 519 511 527 528
3189 203 543 542 541 548
3190 203 543 542 541 549
3191 203 533 526 542 543
3192 203 534 526 542 543
3193 203 558 557 556 563
3194 203 558 557 556 564
3195 203 548 541 557 558
3196 203 549 541 557 558
3197 203 573 572 571 578
3198 203 573 572 571 579
3199 203 563 556 572 573
3200 203 564 556 572 573
3201 203 588 587 586 593
3202 203 588 587 586 594
3203 203 578 571 587 588
3204 203 579 571 587 588
3205 203 603 602 601 608
3206 203 603 602 601 609
3207 203 593 586 602 603
3208 203 594 586 602 603
3209 203 618 617 616 623
3210 203 618 617 616 624
3211 203 608 601 617 618
3212 203 609 601 617 618
3213 203 633 632 631 638
3214 203 633 632 631 639
3215 203 623 616 632 633
3216 203 624 616 632 633
3217 203 648 647 646 653
3218 203 648 647 646 654
3219 203 638 631 647 648
3220 203 639 631 647 648
3221 203 663 662 661 668
3222 203 663 662 661 669
3223 203 653 646 662 663
3224 203 654 646 662 663
3225 203 678 677 676 683
3226 203 678 677 676 684
3227 203 668 661 677 678
3228 203 669 661 677 678
3229 203 693 692 691 698
3230 203 693 692 691 699
3231 203 683 676 692 693
3232 203 684 676 692 693
3233 203 708 707 706 713
3234 203 708 707 706 714
3235 203 698 691 707 708
3236 203 699 691 707 708
3237 203 723 722 721 728
3238 203 723 722 721 729
3239 203 713 706 722 723
3240 203 714 706 722 723
3241 203 738 737 736 743
3242 203 738 737 736 744
3243 203 728 721 737 738
3244 203 729 721 737 738
3245 203 753 752 751 758
3246 203 753 752 751 759
3247 203 768 767 766 773
3248 203 768 767 766 774
3249 203 758 751 767 768
3250 203 759 751 767 768
3251 203 783 782 781 788
3252 203 783 782 781 789
3253 203 773 766 782 783
3254 203 774 766 782 783
3255 203 798 797 796 803
3256 203 798 797 796 804
3257 203 788 781 797 798
3258 203 789 781 797 798
3259 203 813 812 811 818
3260 203 813 812 811 819
3261 203 803 796 812 813
3262 203 804 796 812 813
3263 203 828 827 826 833
3264 203 828 827 826 834
3265 203 818 811 827 828
3266 203 819 811 827 828
3267 203 843 842 841 848
3268 203 843 842 841 849
3269 203 833 826 842 843
3270 203 834 826 842 843
3271 203 858 857 856 863
3272 203 858 857 856 864
3273 203 848 841 857 858
3274 203 849 841 857 858
3275 203 873 872 871 878
3276 203 873 872 871 879
3277 203 863 856 872 873
3278 203 864 856 872 873
3279 203 888 887 886 893
3280 203 888 887 886 894
3281 203 878 871 887 888
3282 203 879 871 887 888
3283 203 903 902 901 908
3284 203 903 902 901 909
3285 203 893 886 902 903
3286 203 894 886 902 903
3287 203 918 917 916 923
3288 203 918 917 916 924
3289 203 908 901 917 918
3290 203 909 901 917 918
3291 203 933 932 931 938
3292 203 933 932 931 939
3293 203 923 916 932 933
3294 203 924 916 932 933
3295 203 948 947 946 953
3296 203 948 947 946 954
3297 203 938 931 947 948
3298 203 939 931 947 948
3299 203 963 962 961 968
3300 203 963 962 961 969
3301 203 953 946 962 963
3302 203 954 946 962 963
3303 203 978 977 976 983
3304 203 978 977 976 984
3305 203 968 961 977 978
3306 203 969 961 977 978
3307 203 993 992 991 998
3308 203 993 992 991 999
3309 203 983 976 992 993
3310 203 984 976 992 993
3311 203 1008 1007 1006 1013
3312 203 1008 1007 1006 1014
3313 203 998 991 1007 1008
3314 203 999 991 1007 1008
3315 203 1023 1022 1021 1028
3316 203 1023 1022 1021 1029
3317 203 1013 1006 1022 1023
3318 203 1014 1006 1022 1023
3319 203 1038 1037 1036 1043
3320 203 1038 1037 1036 1044
3321 203 1028 1021 1037 1038
3322 203 1029 1021 1037 1038
3323 203 1053 1052 1051 1058
3324 203 1053 1052 1051 1059
3325 203 1043 1036 1052 1053
3326 203 1044 1036 1052 1053
3327 203 1068 1067 1066 1073
3328 203 1068 1067 1066 1074
3329 203 1058 1051 1067 1068
3330 203 1059 1051 1067 1068
3331 203 1083 1082 1081 1088
3332 203 1083 1082 1081 1089
3333 203 1073 1066 1082 1083
3334 203 1074 1066 1082 1083
3335 203 1098 1097 1096 1103
3336 203 1098 1097 1096 1104
3337 203 1088 1081 1097 1098
3338 203 1089 1081 1097 1098
3339 203 1113 1112 1111 1118
3340 203 1113 1112 1111 1119
3341 203 1103 1096 1112 1113
3342 203 1104 1096 1112 1113
3343 203 1128 1127 1126 1133
3344 203 1128 1127 1126 1134
3345 203 1118 1111 1127 1128
3346 203 1119 1111 1127 1128
3347 203 1143 1142 1141 1148
3348 203 1143 1142 1141 1149
3349 203 1133 1126 1142 1143
3350 203 1134 1126 1142 1143
3351 203 1158 1157 1156 1163
3352 203 1158 1157 1156 1164
3353 203 1148 1141 1157 1158
3354 203 1149 1141 1157 1158
3355 203 1173 1172 1171 1178
3356 203 1173 1172 1171 1179
3357 203 1163 1156 1172 1173
3358 203 1164 1156 1172 1173
3359 203 1188 1187 1186 1193
3360 203 1188 1187 1186 1194
3361 203 1178 1171 1187 1188
3362 203 1179 1171 1187 1188
3363 203 1203 1202 1201 1208
3364 203 1203 1202 1201 1209
3365 203 1193 1186 1202 1203
3366 203 1194 1186 1202 1203
3367 203 1218 1217 1216 1223
3368 203 1218 1217 1216 1224
3369 203 1208 1201 1217 1218
3370 203 1209 1201 1217 1218
3371 203 1233 1232 1231 1238
3372 203 1233 1232 1231 1239
3373 203 1223 1216 1232 1233
3374 203 1224 1216 1232 1233
3375 203 1248 1247 1246 1253
3376 203 1248 1247 1246 1254
3377 203 1238 1231 1247 1248
3378 203 1239 1231 1247 1248
3379 203 1263 1262 1261 1268
3380 203 1263 1262 1261 1269
3381 203 1253 1246 1262 1263
3382 203 1254 1246 1262 1263
3383 203 1278 1277 1276 1283
3384 203 1278 1277 1276 1284
3385 203 1268 1261 1277 1278
3386 203 1269 1261 1277 1278
3387 203 1293 1292 1291 1298
3388 203 1293 1292 1291 1299
3389 203 1283 1276 1292 1293
3390 203 1284 1276 1292 1293
3391 203 1308 1307 1306 1313
3392 203 1308 1307 1306 1314
3393 203 1298 1291 1307 1308
3394 203 1299 1291 1307 1308
3395 203 1323 1322 1321 1328
3396 203 1323 1322 1321 1329
3397 203 1313 1306 1322 1323
3398 203 1314 1306 1322 1323
3399 203 1338 1337 1336 1343
3400 203 1338 1337 1336 1344
3401 203 1328 1321 1337 1338
3402 203 1329 1321 1337 1338
3403 203 1353 1352 1351 1358
3404 203 1353 1352 1351 1359
3405 203 1343 1336 1352 1353
3406 203 1344 1336 1352 1353
3407 203 1368 1367 1366 1373
3408 203 1368 1367 1366 1374
3409 203 1358 1351 1367 1368
3410 203 1359 1351 1367 1368
3411 203 1383 1382 1381 1388
3412 203 1383 1382 1381 1389
3413 203 1373 1366 1382 1383
3414 203 1374 1366 1382 1383
3415 203 1398 1397 1396 1403
3416 203 1398 1397 1396 1404
3417 203 1388 1381 1397 1398
3418 203 1389 1381 1397 1398
3419 203 1413 1412 1411 1418
3420 203 1413 1412 1411 1419
3421 203 1403 1396 1412 1413
3422 203 1404 1396 1412 1413
3423 203 1428 1427 1426 1433
3424 203 1428 1427 1426 1434
3425 203 1418 1411 1427 1428
3426 203 1419 1411 1427 1428
3427 203 1443 1442 1441 1448
3428 203 1443 1442 1441 1449
3429 203 1433 1426 1442 1443
3430 203 1434 1426 1442 1443
3431 203 1458 1457 1456 1463
3432 203 1458 1457 1456 1464
3433 203 1448 1441 1457 1458
3434 203 1449 1441 1457 1458
3435 203 8 1 2 1471
3436 203 9 1 2 1471
3437 203 3 2 1471 1478
3438 203 3 2 1471 1479
3439 203 1456 1487 1486 1493
3440 203 1456 1487 1486 1494
3441 203 1456 1487 1488 1495
3442 203 1456 1487 1488 1496
3443 203 1456 1487 1488 1497
3444 203 1471 1472 1473 1480
3445 203 1471 1472 1473 1481
3446 203 1471 1472 1473 1482
3447 203 1486 1487 1488 1495
3448 203 1486 1487 1488 1496
3449 203 1486 1487 1488 1497
3450 203 10 3 2 1471
3451 203 11 3 2 1471
3452 203 12 3 2 1471
3453 203 1473 1472 1471 1478
3454 203 1473 1472 1471 1479
3455 203 1488 1487 1486 1493
3456 203 1488 1487 1486 1494
3457 203 1463 1456 1487 1486
3458 203 1464 1456 1487 1486
3459 203 1463 1456 1487 1488
3460 203 1464 1456 1487 1488
3461 269 4 6 7 13
3462 269 4 6 7 14
3463 269 4 6 7 15
3464 269 19 21 22 28
3465 269 19 21 22 29
3466 269 19 21 22 30
3467 269 34 36 37 43
3468 269 34 36 37 44
3469 269 34 36 37 45
3470 269 49 51 52 58
3471 269 49 51 52 59
3472 269 49 51 52 60
3473 269 64 66 67 73
3474 269 64 66 67 74
3475 269 64 66 67 75
3476 269 79 81 82 88
3477 269 79 81 82 89
3478 269 79 81 82 90
3479 269 94 96 97 103
3480 269 94 96 97 104
3481 269 94 96 97 105
3482 269 109 111 112 118
3483 269 109 111 112 119
3484 269 109 111 112 120
3485 269 124 126 127 133
3486 269 124 126 127 134
3487 269 124 126 127 135
3488 269 139 141 142 148
3489 269 139 141 142 149
3490 269 139 141 142 150
3491 269 154 156 157 163
3492 269 154 156 157 164
3493 269 154 156 157 165
3494 269 169 171 172 178
3495 269 169 171 172 179
3496 269 169 171 172 180
3497 269 184 186 187 193
3498 269 184 186 187 194
3499 269 184 186 187 195
3500 269 199 201 202 208
3501 269 199 201 202 209
3502 269 199 201 202 210
3503 269 214 216 217 223
3504 269 214 216 217 224
3505 269 214 216 217 225
3506 269 229 231 232 238
3507 269 229 231 232 239
3508 269 229 231 232 240
3509 269 244 246 247 253
3510 269 244 246 247 254
3511 269 244 246 247 255
3512 269 259 261 262 268
3513 269 259 261 262 269
3514 269 259 261 262 270
3515 269 274 276 277 283
3516 269 274 276 277 284
3517 269 274 276 277 285
3518 269 289 291 292 298
3519 269 289 291 292 299
3520 269 289 291 292 300
3521 269 304 306 307 313
3522 269 304 306 307 314
3523 269 304 306 307 315
3524 269 319 321 322 328
3525 269 319 321 322 329
3526 269 319 321 322 330
3527 269 334 336 337 343
3528 269 334 336 337 344
3529 269 334 336 337 345
3530 269 349 351 352 358
3531 269 349 351 352 359
3532 269 349 351 352 360
3533 269 364 366 367 373
3534 269 364 366 367 374
3535 269 364 366 367 375
3536 269 379 381 382 388
3537 269 379 381 382 389
3538 269 379 381 382 390
3539 269 394 396 397 403
3540 269 394 396 397 404
3541 269 394 396 397 405
3542 269 409 411 412 418
3543 269 409 411 412 419
3544 269 409 411 412 420
3545 269 424 426 427 433
3546 269 424 426 427 434
3547 269 424 426 427 435
3548 269 439 441 442 448
3549 269 439 441 442 449
3550 269 439 441 442 450
3551 269 454 456 457 463
3552 269 454 456 457 464
3553 269 454 456 457 465
3554 269 469 471 472 478
3555 269 469 471 472 479
3556 269 469 471 472 480
3557 269 484 486 487 493
3558 269 484 486 487 494
3559 269 484 486 487 495
3560 269 499 501 502 508
3561 269 499 501 502 509
3562 269 499 501 502 510
3563 269 514 516 517 523
3564 269 514 516 517 524
3565 269 514 516 517 525
3566 269 529 531 532 538
3567 269 529 531 532 539
3568 269 529 531 532 540
3569 269 544 546 547 553
3570 269 544 546 547 554
3571 269 544 546 547 555
3572 269 559 561 562 568
3573 269 559 561 562 569
3574 269 559 561 562 570
3575 269 574 576 577 583
3576 269 574 576 577 584
3577 269 574 576 577 585
3578 269 589 591 592 598
3579 269 589 591 592 599
3580 269 589 591 592 600
3581 269 604 606 607 613
3582 269 604 606 607 614
3583 269 604 606 607 615
3584 269 619 621 622 628
3585 269 619 621 622 629
3586 269 619 621 622 630
3587 269 634 636 637 643
3588 269 634 636 637 644
3589 269 634 636 637 645
3590 269 649 651 652 658
3591 269 649 651 652 659
3592 269 649 651 652 660
3593 269 664 666 667 673
3594 269 664 666 667 674
3595 269 664 666 667 675
3596 269 679 681 682 688
3597 269 679 681 682 689
3598 269 679 681 682 690
3599 269 694 696 697 703
3600 269 694 696 697 704
3601 269 694 696 697 705
3602 269 709 711 712 718
3603 269 709 711 712 719
3604 269 709 711 712 720
3605 269 724 726 727 733
3606 269 724 726 727 734
3607 269 724 726 727 735
3608 269 739 741 742 748
3609 269 739 741 742 749
3610 269 739 741 742 750
3611 269 754 756 757 763
3612 269 754 756 757 764
3613 269 754 756 757 765
3614 269 769 771 772 778
3615 269 769 771 772 779
3616 269 769 771 772 780
3617 269 784 786 787 793
3618 269 784 786 787 794
3619 269 784 786 787 795
3620 269 799 801 802 808
3621 269 799 801 802 809
3622 269 799 801 802 810
3623 269 814 816 817 823
3624 269 814 816 817 824
3625 269 814 816 817 825
3626 269 829 831 832 838
3627 269 829 831 832 839
3628 269 829 831 832 840
3629 269 844 846 847 853
3630 269 844 846 847 854
3631 269 844 846 847 855
3632 269 859 861 862 868
3633 269 859 861 862 869
3634 269 859 861 862 870
3635 269 874 876 877 883
3636 269 874 876 877 884
3637 269 874 876 877 885
3638 269 889 891 892 898
3639 269 889 891 892 899
3640 269 889 891 892 900
3641 269 904 906 907 913
3642 269 904 906 907 914
3643 269 904 906 907 915
3644 269 919 921 922 928
3645 269 919 921 922 929
3646 269 919 921 922 930
3647 269 934 936 937 943
3648 269 934 936 937 944
3649 269 934 936 937 945
3650 269 949 951 952 958
3651 269 949 951 952 959
3652 269 949 951 952 960
3653 269 964 966 967 973
3654 269 964 966 967 974
3655 269 964 966 967 975
3656 269 979 981 982 988
3657 269 979 981 982 989
3658 269 979 981 982 990
3659 269 994 996 997 1003
3660 269 994 996 997 1004
3661 269 994 996 997 1005
3662 269 1009 1011 1012 1018
3663 269 1009 1011 1012 1019
3664 269 1009 1011 1012 1020
3665 269 1024 1026 1027 1033
3666 269 1024 1026 1027 1034
3667 269 1024 1026 1027 1035
3668 269 1039 1041 1042 1048
3669 269 1039 1041 1042 1049
3670 269 1039 1041 1042 1050
3671 269 1054 1056 1057 1063
3672 269 1054 1056 1057 1064
3673 269 1054 1056 1057 1065
3674 269 1069 1071 1072 1078
3675 269 1069 1071 1072 1079
3676 269 1069 1071 1072 1080
3677 269 1084 1086 1087 1093
3678 269 1084 1086 1087 1094
3679 269 1084 1086 1087 1095
3680 269 1099 1101 1102 1108
3681 269 1099 1101 1102 1109
3682 269 1099 1101 1102 1110
3683 269 1114 1116 1117 1123
3684 269 1114 1116 1117 1124
3685 269 1114 1116 1117 1125
3686 269 1129 1131 1132 1138
3687 269 1129 1131 1132 1139
3688 269 1129 1131 1132 1140
3689 269 1144 1146 1147 1153
3690 269 1144 1146 1147 1154
3691 269 1144 1146 1147 1155
3692 269 1159 1161 1162 1168
3693 269 1159 1161 1162 1169
3694 269 1159 1161 1162 1170
3695 269 1174 1176 1177 1183
3696 269 1174 1176 1177 1184
3697 269 1174 1176 1177 1185
3698 269 1189 1191 1192 1198
3699 269 1189 1191 1192 1199
3700 269 1189 1191 1192 1200
3701 269 1204 1206 1207 1213
3702 269 1204 1206 1207 1214
3703 269 1204 1206 1207 1215
3704 269 1219 1221 1222 1228
3705 269 1219 1221 1222 1229
3706 269 1219 1221 1222 1230
3707 269 1234 1236 1237 1243
3708 269 1234 1236 1237 1244
3709 269 1234 1236 1237 1245
3710 269 1249 1251 1252 1258
3711 269 1249 1251 1252 1259
3712 269 1249 1251 1252 1260
3713 269 1264 1266 1267 1273
3714 269 1264 1266 1267 1274
3715 269 1264 1266 1267 1275
3716 269 1279 1281 1282 1288
3717 269 1279 1281 1282 1289
3718 269 1279 1281 1282 1290
3719 269 1294 1296 1297 1303
3720 269 1294 1296 1297 1304
3721 269 1294 1296 1297 1305
3722 269 1309 1311 1312 1318
3723 269 1309 1311 1312 1319
3724 269 1309 1311 1312 1320
3725 269 1324 1326 1327 1333
3726 269 1324 1326 1327 1334
3727 269 1324 1326 1327 1335
3728 269 1339 1341 1342 1348
3729 269 1339 1341 1342 1349
3730 269 1339 1341 1342 1350
3731 269 1354 1356 1357 1363
3732 269 1354 1356 1357 1364
3733 269 1354 1356 1357 1365
3734 269 1369 1371 1372 1378
3735 269 1369 1371 1372 1379
3736 269 1369 1371 1372 1380
3737 269 1384 1386 1387 1393
3738 269 1384 1386 1387 1394
3739 269 1384 1386 1387 1395
3740 269 1399 1401 1402 1408
3741 269 1399 1401 1402 1409
3742 269 1399 1401 1402 1410
3743 269 1414 1416 1417 1423
3744 269 1414 1416 1417 1424
3745 269 1414 1416 1417 1425
3746 269 1429 1431 1432 1438
3747 269 1429 1431 1432 1439
3748 269 1429 1431 1432 1440
3749 269 1444 1446 1447 1453
3750 269 1444 1446 1447 1454
3751 269 1444 1446 1447 1455
3752 269 1459 1461 1462 1468
3753 269 1459 1461 1462 1469
3754 269 1459 1461 1462 1470
3755 269 1474 1476 1477 1483
3756 269 1474 1476 1477 1484
3757 269 1474 1476 1477 1485
3758 269 1489 1491 1492 1498
3759 269 1489 1491 1492 1499
3760 269 1489 1491 1492 1500
