1 1 2 6 4 5
2 1 17 21 19 20
3 1 32 36 34 35
4 1 47 51 49 50
5 1 62 66 64 65
6 1 77 81 79 80
7 1 92 96 94 95
8 1 107 111 109 110
9 1 122 126 124 125
10 1 137 141 139 140
11 1 152 156 154 155
12 1 167 171 169 170
13 1 182 186 184 185
14 1 197 201 199 200
15 1 212 216 214 215
16 1 227 231 229 230
17 1 242 246 244 245
18 1 257 261 259 260
19 1 272 276 274 275
20 1 287 291 289 290
21 1 302 306 304 305
22 1 317 321 319 320
23 1 332 336 334 335
24 1 347 351 349 350
25 1 362 366 364 365
26 1 377 381 379 380
27 1 392 396 394 395
28 1 407 411 409 410
29 1 422 426 424 425
30 1 437 441 439 440
31 1 452 456 454 455
32 1 467 471 469 470
33 1 482 486 484 485
34 1 497 501 499 500
35 1 512 516 514 515
36 1 527 531 529 530
37 1 542 546 544 545
38 1 557 561 559 560
39 1 572 576 574 575
40 1 587 591 589 590
41 1 602 606 604 605
42 1 617 621 619 620
43 1 632 636 634 635
44 1 647 651 649 650
45 1 662 666 664 665
46 1 677 681 679 680
47 1 692 696 694 695
48 1 707 711 709 710
49 1 722 726 724 725
50 1 737 741 739 740
51 1 752 756 754 755
52 1 767 771 769 770
53 1 782 786 784 785
54 1 797 801 799 800
55 1 812 816 814 815
56 1 827 831 829 830
57 1 842 846 844 845
58 1 857 861 859 860
59 1 872 876 874 875
60 1 887 891 889 890
61 1 902 906 904 905
62 1 917 921 919 920
63 1 932 936 934 935
64 1 947 951 949 950
65 1 962 966 964 965
66 1 977 981 979 980
67 1 992 996 994 995
68 1 1007 1011 1009 1010
69 1 1022 1026 1024 1025
70 1 1037 1041 1039 1040
71 1 1052 1056 1054 1055
72 1 1067 1071 1069 1070
73 1 1082 1086 1084 1085
74 1 1097 1101 1099 1100
75 1 1112 1116 1114 1115
76 1 1127 1131 1129 1130
77 1 1142 1146 1144 1145
78 1 1157 1161 1159 1160
79 1 1172 1176 1174 1175
80 1 1187 1191 1189 1190
81 1 1202 1206 1204 1205
82 1 1217 1221 1219 1220
83 1 1232 1236 1234 1235
84 1 1247 1251 1249 1250
85 1 1262 1266 1264 1265
86 1 1277 1281 1279 1280
87 1 1292 1296 1294 1295
88 1 1307 1311 1309 1310
89 1 1322 1326 1324 1325
90 1 1337 1341 1339 1340
91 1 1352 1356 1354 1355
92 1 1367 1371 1369 1370
93 1 1382 1386 1384 1385
94 1 1397 1401 1399 1400
95 1 1412 1416 1414 1415
96 1 1427 1431 1429 1430
97 1 1442 1446 1444 1445
98 1 1457 1461 1459 1460
99 1 5 2 4 6
100 1 20 17 19 21
101 1 35 32 34 36
102 1 50 47 49 51
103 1 65 62 64 66
104 1 80 77 79 81
105 1 95 92 94 96
106 1 110 107 109 111
107 1 125 122 124 126
108 1 140 137 139 141
109 1 155 152 154 156
110 1 170 167 169 171
111 1 185 182 184 186
112 1 200 197 199 201
113 1 215 212 214 216
114 1 230 227 229 231
115 1 245 242 244 246
116 1 260 257 259 261
117 1 275 272 274 276
118 1 290 287 289 291
119 1 305 302 304 306
120 1 320 317 319 321
121 1 335 332 334 336
122 1 350 347 349 351
123 1 365 362 364 366
124 1 380 377 379 381
125 1 395 392 394 396
126 1 410 407 409 411
127 1 425 422 424 426
128 1 440 437 439 441
129 1 455 452 454 456
130 1 470 467 469 471
131 1 485 482 484 486
132 1 500 497 499 501
133 1 515 512 514 516
134 1 530 527 529 531
135 1 545 542 544 546
136 1 560 557 559 561
137 1 575 572 574 576
138 1 590 587 589 591
139 1 605 602 604 606
140 1 620 617 619 621
141 1 635 632 634 636
142 1 650 647 649 651
143 1 665 662 664 666
144 1 680 677 679 681
145 1 695 692 694 696
146 1 710 707 709 711
147 1 725 722 724 726
148 1 740 737 739 741
149 1 755 752 754 756
150 1 770 767 769 771
151 1 785 782 784 786
152 1 800 797 799 801
153 1 815 812 814 816
154 1 830 827 829 831
155 1 845 842 844 846
156 1 860 857 859 861
157 1 875 872 874 876
158 1 890 887 889 891
159 1 905 902 904 906
160 1 920 917 919 921
161 1 935 932 934 936
162 1 950 947 949 951
163 1 965 962 964 966
164 1 980 977 979 981
165 1 995 992 994 996
166 1 1010 1007 1009 1011
167 1 1025 1022 1024 1026
168 1 1040 1037 1039 1041
169 1 1055 1052 1054 1056
170 1 1070 1067 1069 1071
171 1 1085 1082 1084 1086
172 1 1100 1097 1099 1101
173 1 1115 1112 1114 1116
174 1 1130 1127 1129 1131
175 1 1145 1142 1144 1146
176 1 1160 1157 1159 1161
177 1 1175 1172 1174 1176
178 1 1190 1187 1189 1191
179 1 1205 1202 1204 1206
180 1 1220 1217 1219 1221
181 1 1235 1232 1234 1236
182 1 1250 1247 1249 1251
183 1 1265 1262 1264 1266
184 1 1280 1277 1279 1281
185 1 1295 1292 1294 1296
186 1 1310 1307 1309 1311
187 1 1325 1322 1324 1326
188 1 1340 1337 1339 1341
189 1 1355 1352 1354 1356
190 1 1370 1367 1369 1371
191 1 1385 1382 1384 1386
192 1 1400 1397 1399 1401
193 1 1415 1412 1414 1416
194 1 1430 1427 1429 1431
195 1 1445 1442 1444 1446
196 1 1460 1457 1459 1461
197 1 1472 1476 1474 1475
198 1 1487 1491 1489 1490
199 1 1475 1472 1474 1476
200 1 1490 1487 1489 1491
