1 113 1 2
2 113 2 3
3 39 2 4
4 34 4 5
5 41 4 6
6 119 6 7
7 125 1 8
8 125 1 9
9 125 3 10
10 125 3 11
11 125 3 12
12 125 7 13
13 125 7 14
14 125 7 15
15 113 16 17
16 113 17 18
17 39 17 19
18 34 19 20
19 41 19 21
20 119 21 22
21 125 16 23
22 125 16 24
23 125 18 25
24 125 18 26
25 125 18 27
26 125 22 28
27 125 22 29
28 125 22 30
29 113 31 32
30 113 32 33
31 39 32 34
32 34 34 35
33 41 34 36
34 119 36 37
35 125 31 38
36 125 31 39
37 125 33 40
38 125 33 41
39 125 33 42
40 125 37 43
41 125 37 44
42 125 37 45
43 113 46 47
44 113 47 48
45 39 47 49
46 34 49 50
47 41 49 51
48 119 51 52
49 125 46 53
50 125 46 54
51 125 48 55
52 125 48 56
53 125 48 57
54 125 52 58
55 125 52 59
56 125 52 60
57 113 61 62
58 113 62 63
59 39 62 64
60 34 64 65
61 41 64 66
62 119 66 67
63 125 61 68
64 125 61 69
65 125 63 70
66 125 63 71
67 125 63 72
68 125 67 73
69 125 67 74
70 125 67 75
71 113 76 77
72 113 77 78
73 39 77 79
74 34 79 80
75 41 79 81
76 119 81 82
77 125 76 83
78 125 76 84
79 125 78 85
80 125 78 86
81 125 78 87
82 125 82 88
83 125 82 89
84 125 82 90
85 113 91 92
86 113 92 93
87 39 92 94
88 34 94 95
89 41 94 96
90 119 96 97
91 125 91 98
92 125 91 99
93 125 93 100
94 125 93 101
95 125 93 102
96 125 97 103
97 125 97 104
98 125 97 105
99 113 106 107
100 113 107 108
101 39 107 109
102 34 109 110
103 41 109 111
104 119 111 112
105 125 106 113
106 125 106 114
107 125 108 115
108 125 108 116
109 125 108 117
110 125 112 118
111 125 112 119
112 125 112 120
113 113 121 122
114 113 122 123
115 39 122 124
116 34 124 125
117 41 124 126
118 119 126 127
119 125 121 128
120 125 121 129
121 125 123 130
122 125 123 131
123 125 123 132
124 125 127 133
125 125 127 134
126 125 127 135
127 113 136 137
128 113 137 138
129 39 137 139
130 34 139 140
131 41 139 141
132 119 141 142
133 125 136 143
134 125 136 144
135 125 138 145
136 125 138 146
137 125 138 147
138 125 142 148
139 125 142 149
140 125 142 150
141 113 151 152
142 113 152 153
143 39 152 154
144 34 154 155
145 41 154 156
146 119 156 157
147 125 151 158
148 125 151 159
149 125 153 160
150 125 153 161
151 125 153 162
152 125 157 163
153 125 157 164
154 125 157 165
155 113 166 167
156 113 167 168
157 39 167 169
158 34 169 170
159 41 169 171
160 119 171 172
161 125 166 173
162 125 166 174
163 125 168 175
164 125 168 176
165 125 168 177
166 125 172 178
167 125 172 179
168 125 172 180
169 113 181 182
170 113 182 183
171 39 182 184
172 34 184 185
173 41 184 186
174 119 186 187
175 125 181 188
176 125 181 189
177 125 183 190
178 125 183 191
179 125 183 192
180 125 187 193
181 125 187 194
182 125 187 195
183 113 196 197
184 113 197 198
185 39 197 199
186 34 199 200
187 41 199 201
188 119 201 202
189 125 196 203
190 125 196 204
191 125 198 205
192 125 198 206
193 125 198 207
194 125 202 208
195 125 202 209
196 125 202 210
197 113 211 212
198 113 212 213
199 39 212 214
200 34 214 215
201 41 214 216
202 119 216 217
203 125 211 218
204 125 211 219
205 125 213 220
206 125 213 221
207 125 213 222
208 125 217 223
209 125 217 224
210 125 217 225
211 113 226 227
212 113 227 228
213 39 227 229
214 34 229 230
215 41 229 231
216 119 231 232
217 125 226 233
218 125 226 234
219 125 228 235
220 125 228 236
221 125 228 237
222 125 232 238
223 125 232 239
224 125 232 240
225 113 241 242
226 113 242 243
227 39 242 244
228 34 244 245
229 41 244 246
230 119 246 247
231 125 241 248
232 125 241 249
233 125 243 250
234 125 243 251
235 125 243 252
236 125 247 253
237 125 247 254
238 125 247 255
239 113 256 257
240 113 257 258
241 39 257 259
242 34 259 260
243 41 259 261
244 119 261 262
245 125 256 263
246 125 256 264
247 125 258 265
248 125 258 266
249 125 258 267
250 125 262 268
251 125 262 269
252 125 262 270
253 113 271 272
254 113 272 273
255 39 272 274
256 34 274 275
257 41 274 276
258 119 276 277
259 125 271 278
260 125 271 279
261 125 273 280
262 125 273 281
263 125 273 282
264 125 277 283
265 125 277 284
266 125 277 285
267 113 286 287
268 113 287 288
269 39 287 289
270 34 289 290
271 41 289 291
272 119 291 292
273 125 286 293
274 125 286 294
275 125 288 295
276 125 288 296
277 125 288 297
278 125 292 298
279 125 292 299
280 125 292 300
281 113 301 302
282 113 302 303
283 39 302 304
284 34 304 305
285 41 304 306
286 119 306 307
287 125 301 308
288 125 301 309
289 125 303 310
290 125 303 311
291 125 303 312
292 125 307 313
293 125 307 314
294 125 307 315
295 113 316 317
296 113 317 318
297 39 317 319
298 34 319 320
299 41 319 321
300 119 321 322
301 125 316 323
302 125 316 324
303 125 318 325
304 125 318 326
305 125 318 327
306 125 322 328
307 125 322 329
308 125 322 330
309 113 331 332
310 113 332 333
311 39 332 334
312 34 334 335
313 41 334 336
314 119 336 337
315 125 331 338
316 125 331 339
317 125 333 340
318 125 333 341
319 125 333 342
320 125 337 343
321 125 337 344
322 125 337 345
323 113 346 347
324 113 347 348
325 39 347 349
326 34 349 350
327 41 349 351
328 119 351 352
329 125 346 353
330 125 346 354
331 125 348 355
332 125 348 356
333 125 348 357
334 125 352 358
335 125 352 359
336 125 352 360
337 113 361 362
338 113 362 363
339 39 362 364
340 34 364 365
341 41 364 366
342 119 366 367
343 125 361 368
344 125 361 369
345 125 363 370
346 125 363 371
347 125 363 372
348 125 367 373
349 125 367 374
350 125 367 375
351 113 376 377
352 113 377 378
353 39 377 379
354 34 379 380
355 41 379 381
356 119 381 382
357 125 376 383
358 125 376 384
359 125 378 385
360 125 378 386
361 125 378 387
362 125 382 388
363 125 382 389
364 125 382 390
365 113 391 392
366 113 392 393
367 39 392 394
368 34 394 395
369 41 394 396
370 119 396 397
371 125 391 398
372 125 391 399
373 125 393 400
374 125 393 401
375 125 393 402
376 125 397 403
377 125 397 404
378 125 397 405
379 113 406 407
380 113 407 408
381 39 407 409
382 34 409 410
383 41 409 411
384 119 411 412
385 125 406 413
386 125 406 414
387 125 408 415
388 125 408 416
389 125 408 417
390 125 412 418
391 125 412 419
392 125 412 420
393 113 421 422
394 113 422 423
395 39 422 424
396 34 424 425
397 41 424 426
398 119 426 427
399 125 421 428
400 125 421 429
401 125 423 430
402 125 423 431
403 125 423 432
404 125 427 433
405 125 427 434
406 125 427 435
407 113 436 437
408 113 437 438
409 39 437 439
410 34 439 440
411 41 439 441
412 119 441 442
413 125 436 443
414 125 436 444
415 125 438 445
416 125 438 446
417 125 438 447
418 125 442 448
419 125 442 449
420 125 442 450
421 113 451 452
422 113 452 453
423 39 452 454
424 34 454 455
425 41 454 456
426 119 456 457
427 125 451 458
428 125 451 459
429 125 453 460
430 125 453 461
431 125 453 462
432 125 457 463
433 125 457 464
434 125 457 465
435 113 466 467
436 113 467 468
437 39 467 469
438 34 469 470
439 41 469 471
440 119 471 472
441 125 466 473
442 125 466 474
443 125 468 475
444 125 468 476
445 125 468 477
446 125 472 478
447 125 472 479
448 125 472 480
449 113 481 482
450 113 482 483
451 39 482 484
452 34 484 485
453 41 484 486
454 119 486 487
455 125 481 488
456 125 481 489
457 125 483 490
458 125 483 491
459 125 483 492
460 125 487 493
461 125 487 494
462 125 487 495
463 113 496 497
464 113 497 498
465 39 497 499
466 34 499 500
467 41 499 501
468 119 501 502
469 125 496 503
470 125 496 504
471 125 498 505
472 125 498 506
473 125 498 507
474 125 502 508
475 125 502 509
476 125 502 510
477 113 511 512
478 113 512 513
479 39 512 514
480 34 514 515
481 41 514 516
482 119 516 517
483 125 511 518
484 125 511 519
485 125 513 520
486 125 513 521
487 125 513 522
488 125 517 523
489 125 517 524
490 125 517 525
491 113 526 527
492 113 527 528
493 39 527 529
494 34 529 530
495 41 529 531
496 119 531 532
497 125 526 533
498 125 526 534
499 125 528 535
500 125 528 536
501 125 528 537
502 125 532 538
503 125 532 539
504 125 532 540
505 113 541 542
506 113 542 543
507 39 542 544
508 34 544 545
509 41 544 546
510 119 546 547
511 125 541 548
512 125 541 549
513 125 543 550
514 125 543 551
515 125 543 552
516 125 547 553
517 125 547 554
518 125 547 555
519 113 556 557
520 113 557 558
521 39 557 559
522 34 559 560
523 41 559 561
524 119 561 562
525 125 556 563
526 125 556 564
527 125 558 565
528 125 558 566
529 125 558 567
530 125 562 568
531 125 562 569
532 125 562 570
533 113 571 572
534 113 572 573
535 39 572 574
536 34 574 575
537 41 574 576
538 119 576 577
539 125 571 578
540 125 571 579
541 125 573 580
542 125 573 581
543 125 573 582
544 125 577 583
545 125 577 584
546 125 577 585
547 113 586 587
548 113 587 588
549 39 587 589
550 34 589 590
551 41 589 591
552 119 591 592
553 125 586 593
554 125 586 594
555 125 588 595
556 125 588 596
557 125 588 597
558 125 592 598
559 125 592 599
560 125 592 600
561 113 601 602
562 113 602 603
563 39 602 604
564 34 604 605
565 41 604 606
566 119 606 607
567 125 601 608
568 125 601 609
569 125 603 610
570 125 603 611
571 125 603 612
572 125 607 613
573 125 607 614
574 125 607 615
575 113 616 617
576 113 617 618
577 39 617 619
578 34 619 620
579 41 619 621
580 119 621 622
581 125 616 623
582 125 616 624
583 125 618 625
584 125 618 626
585 125 618 627
586 125 622 628
587 125 622 629
588 125 622 630
589 113 631 632
590 113 632 633
591 39 632 634
592 34 634 635
593 41 634 636
594 119 636 637
595 125 631 638
596 125 631 639
597 125 633 640
598 125 633 641
599 125 633 642
600 125 637 643
601 125 637 644
602 125 637 645
603 113 646 647
604 113 647 648
605 39 647 649
606 34 649 650
607 41 649 651
608 119 651 652
609 125 646 653
610 125 646 654
611 125 648 655
612 125 648 656
613 125 648 657
614 125 652 658
615 125 652 659
616 125 652 660
617 113 661 662
618 113 662 663
619 39 662 664
620 34 664 665
621 41 664 666
622 119 666 667
623 125 661 668
624 125 661 669
625 125 663 670
626 125 663 671
627 125 663 672
628 125 667 673
629 125 667 674
630 125 667 675
631 113 676 677
632 113 677 678
633 39 677 679
634 34 679 680
635 41 679 681
636 119 681 682
637 125 676 683
638 125 676 684
639 125 678 685
640 125 678 686
641 125 678 687
642 125 682 688
643 125 682 689
644 125 682 690
645 113 691 692
646 113 692 693
647 39 692 694
648 34 694 695
649 41 694 696
650 119 696 697
651 125 691 698
652 125 691 699
653 125 693 700
654 125 693 701
655 125 693 702
656 125 697 703
657 125 697 704
658 125 697 705
659 113 706 707
660 113 707 708
661 39 707 709
662 34 709 710
663 41 709 711
664 119 711 712
665 125 706 713
666 125 706 714
667 125 708 715
668 125 708 716
669 125 708 717
670 125 712 718
671 125 712 719
672 125 712 720
673 113 721 722
674 113 722 723
675 39 722 724
676 34 724 725
677 41 724 726
678 119 726 727
679 125 721 728
680 125 721 729
681 125 723 730
682 125 723 731
683 125 723 732
684 125 727 733
685 125 727 734
686 125 727 735
687 113 736 737
688 113 737 738
689 39 737 739
690 34 739 740
691 41 739 741
692 119 741 742
693 125 736 743
694 125 736 744
695 125 738 745
696 125 738 746
697 125 738 747
698 125 742 748
699 125 742 749
700 125 742 750
701 113 751 752
702 113 752 753
703 39 752 754
704 34 754 755
705 41 754 756
706 119 756 757
707 125 751 758
708 125 751 759
709 125 753 760
710 125 753 761
711 125 753 762
712 125 757 763
713 125 757 764
714 125 757 765
715 113 766 767
716 113 767 768
717 39 767 769
718 34 769 770
719 41 769 771
720 119 771 772
721 125 766 773
722 125 766 774
723 125 768 775
724 125 768 776
725 125 768 777
726 125 772 778
727 125 772 779
728 125 772 780
729 113 781 782
730 113 782 783
731 39 782 784
732 34 784 785
733 41 784 786
734 119 786 787
735 125 781 788
736 125 781 789
737 125 783 790
738 125 783 791
739 125 783 792
740 125 787 793
741 125 787 794
742 125 787 795
743 113 796 797
744 113 797 798
745 39 797 799
746 34 799 800
747 41 799 801
748 119 801 802
749 125 796 803
750 125 796 804
751 125 798 805
752 125 798 806
753 125 798 807
754 125 802 808
755 125 802 809
756 125 802 810
757 113 811 812
758 113 812 813
759 39 812 814
760 34 814 815
761 41 814 816
762 119 816 817
763 125 811 818
764 125 811 819
765 125 813 820
766 125 813 821
767 125 813 822
768 125 817 823
769 125 817 824
770 125 817 825
771 113 826 827
772 113 827 828
773 39 827 829
774 34 829 830
775 41 829 831
776 119 831 832
777 125 826 833
778 125 826 834
779 125 828 835
780 125 828 836
781 125 828 837
782 125 832 838
783 125 832 839
784 125 832 840
785 113 841 842
786 113 842 843
787 39 842 844
788 34 844 845
789 41 844 846
790 119 846 847
791 125 841 848
792 125 841 849
793 125 843 850
794 125 843 851
795 125 843 852
796 125 847 853
797 125 847 854
798 125 847 855
799 113 856 857
800 113 857 858
801 39 857 859
802 34 859 860
803 41 859 861
804 119 861 862
805 125 856 863
806 125 856 864
807 125 858 865
808 125 858 866
809 125 858 867
810 125 862 868
811 125 862 869
812 125 862 870
813 113 871 872
814 113 872 873
815 39 872 874
816 34 874 875
817 41 874 876
818 119 876 877
819 125 871 878
820 125 871 879
821 125 873 880
822 125 873 881
823 125 873 882
824 125 877 883
825 125 877 884
826 125 877 885
827 113 886 887
828 113 887 888
829 39 887 889
830 34 889 890
831 41 889 891
832 119 891 892
833 125 886 893
834 125 886 894
835 125 888 895
836 125 888 896
837 125 888 897
838 125 892 898
839 125 892 899
840 125 892 900
841 113 901 902
842 113 902 903
843 39 902 904
844 34 904 905
845 41 904 906
846 119 906 907
847 125 901 908
848 125 901 909
849 125 903 910
850 125 903 911
851 125 903 912
852 125 907 913
853 125 907 914
854 125 907 915
855 113 916 917
856 113 917 918
857 39 917 919
858 34 919 920
859 41 919 921
860 119 921 922
861 125 916 923
862 125 916 924
863 125 918 925
864 125 918 926
865 125 918 927
866 125 922 928
867 125 922 929
868 125 922 930
869 113 931 932
870 113 932 933
871 39 932 934
872 34 934 935
873 41 934 936
874 119 936 937
875 125 931 938
876 125 931 939
877 125 933 940
878 125 933 941
879 125 933 942
880 125 937 943
881 125 937 944
882 125 937 945
883 113 946 947
884 113 947 948
885 39 947 949
886 34 949 950
887 41 949 951
888 119 951 952
889 125 946 953
890 125 946 954
891 125 948 955
892 125 948 956
893 125 948 957
894 125 952 958
895 125 952 959
896 125 952 960
897 113 961 962
898 113 962 963
899 39 962 964
900 34 964 965
901 41 964 966
902 119 966 967
903 125 961 968
904 125 961 969
905 125 963 970
906 125 963 971
907 125 963 972
908 125 967 973
909 125 967 974
910 125 967 975
911 113 976 977
912 113 977 978
913 39 977 979
914 34 979 980
915 41 979 981
916 119 981 982
917 125 976 983
918 125 976 984
919 125 978 985
920 125 978 986
921 125 978 987
922 125 982 988
923 125 982 989
924 125 982 990
925 113 991 992
926 113 992 993
927 39 992 994
928 34 994 995
929 41 994 996
930 119 996 997
931 125 991 998
932 125 991 999
933 125 993 1000
934 125 993 1001
935 125 993 1002
936 125 997 1003
937 125 997 1004
938 125 997 1005
939 113 1006 1007
940 113 1007 1008
941 39 1007 1009
942 34 1009 1010
943 41 1009 1011
944 119 1011 1012
945 125 1006 1013
946 125 1006 1014
947 125 1008 1015
948 125 1008 1016
949 125 1008 1017
950 125 1012 1018
951 125 1012 1019
952 125 1012 1020
953 113 1021 1022
954 113 1022 1023
955 39 1022 1024
956 34 1024 1025
957 41 1024 1026
958 119 1026 1027
959 125 1021 1028
960 125 1021 1029
961 125 1023 1030
962 125 1023 1031
963 125 1023 1032
964 125 1027 1033
965 125 1027 1034
966 125 1027 1035
967 113 1036 1037
968 113 1037 1038
969 39 1037 1039
970 34 1039 1040
971 41 1039 1041
972 119 1041 1042
973 125 1036 1043
974 125 1036 1044
975 125 1038 1045
976 125 1038 1046
977 125 1038 1047
978 125 1042 1048
979 125 1042 1049
980 125 1042 1050
981 113 1051 1052
982 113 1052 1053
983 39 1052 1054
984 34 1054 1055
985 41 1054 1056
986 119 1056 1057
987 125 1051 1058
988 125 1051 1059
989 125 1053 1060
990 125 1053 1061
991 125 1053 1062
992 125 1057 1063
993 125 1057 1064
994 125 1057 1065
995 113 1066 1067
996 113 1067 1068
997 39 1067 1069
998 34 1069 1070
999 41 1069 1071
1000 119 1071 1072
1001 125 1066 1073
1002 125 1066 1074
1003 125 1068 1075
1004 125 1068 1076
1005 125 1068 1077
1006 125 1072 1078
1007 125 1072 1079
1008 125 1072 1080
1009 113 1081 1082
1010 113 1082 1083
1011 39 1082 1084
1012 34 1084 1085
1013 41 1084 1086
1014 119 1086 1087
1015 125 1081 1088
1016 125 1081 1089
1017 125 1083 1090
1018 125 1083 1091
1019 125 1083 1092
1020 125 1087 1093
1021 125 1087 1094
1022 125 1087 1095
1023 113 1096 1097
1024 113 1097 1098
1025 39 1097 1099
1026 34 1099 1100
1027 41 1099 1101
1028 119 1101 1102
1029 125 1096 1103
1030 125 1096 1104
1031 125 1098 1105
1032 125 1098 1106
1033 125 1098 1107
1034 125 1102 1108
1035 125 1102 1109
1036 125 1102 1110
1037 113 1111 1112
1038 113 1112 1113
1039 39 1112 1114
1040 34 1114 1115
1041 41 1114 1116
1042 119 1116 1117
1043 125 1111 1118
1044 125 1111 1119
1045 125 1113 1120
1046 125 1113 1121
1047 125 1113 1122
1048 125 1117 1123
1049 125 1117 1124
1050 125 1117 1125
1051 113 1126 1127
1052 113 1127 1128
1053 39 1127 1129
1054 34 1129 1130
1055 41 1129 1131
1056 119 1131 1132
1057 125 1126 1133
1058 125 1126 1134
1059 125 1128 1135
1060 125 1128 1136
1061 125 1128 1137
1062 125 1132 1138
1063 125 1132 1139
1064 125 1132 1140
1065 113 1141 1142
1066 113 1142 1143
1067 39 1142 1144
1068 34 1144 1145
1069 41 1144 1146
1070 119 1146 1147
1071 125 1141 1148
1072 125 1141 1149
1073 125 1143 1150
1074 125 1143 1151
1075 125 1143 1152
1076 125 1147 1153
1077 125 1147 1154
1078 125 1147 1155
1079 113 1156 1157
1080 113 1157 1158
1081 39 1157 1159
1082 34 1159 1160
1083 41 1159 1161
1084 119 1161 1162
1085 125 1156 1163
1086 125 1156 1164
1087 125 1158 1165
1088 125 1158 1166
1089 125 1158 1167
1090 125 1162 1168
1091 125 1162 1169
1092 125 1162 1170
1093 113 1171 1172
1094 113 1172 1173
1095 39 1172 1174
1096 34 1174 1175
1097 41 1174 1176
1098 119 1176 1177
1099 125 1171 1178
1100 125 1171 1179
1101 125 1173 1180
1102 125 1173 1181
1103 125 1173 1182
1104 125 1177 1183
1105 125 1177 1184
1106 125 1177 1185
1107 113 1186 1187
1108 113 1187 1188
1109 39 1187 1189
1110 34 1189 1190
1111 41 1189 1191
1112 119 1191 1192
1113 125 1186 1193
1114 125 1186 1194
1115 125 1188 1195
1116 125 1188 1196
1117 125 1188 1197
1118 125 1192 1198
1119 125 1192 1199
1120 125 1192 1200
1121 113 1201 1202
1122 113 1202 1203
1123 39 1202 1204
1124 34 1204 1205
1125 41 1204 1206
1126 119 1206 1207
1127 125 1201 1208
1128 125 1201 1209
1129 125 1203 1210
1130 125 1203 1211
1131 125 1203 1212
1132 125 1207 1213
1133 125 1207 1214
1134 125 1207 1215
1135 113 1216 1217
1136 113 1217 1218
1137 39 1217 1219
1138 34 1219 1220
1139 41 1219 1221
1140 119 1221 1222
1141 125 1216 1223
1142 125 1216 1224
1143 125 1218 1225
1144 125 1218 1226
1145 125 1218 1227
1146 125 1222 1228
1147 125 1222 1229
1148 125 1222 1230
1149 113 1231 1232
1150 113 1232 1233
1151 39 1232 1234
1152 34 1234 1235
1153 41 1234 1236
1154 119 1236 1237
1155 125 1231 1238
1156 125 1231 1239
1157 125 1233 1240
1158 125 1233 1241
1159 125 1233 1242
1160 125 1237 1243
1161 125 1237 1244
1162 125 1237 1245
1163 113 1246 1247
1164 113 1247 1248
1165 39 1247 1249
1166 34 1249 1250
1167 41 1249 1251
1168 119 1251 1252
1169 125 1246 1253
1170 125 1246 1254
1171 125 1248 1255
1172 125 1248 1256
1173 125 1248 1257
1174 125 1252 1258
1175 125 1252 1259
1176 125 1252 1260
1177 113 1261 1262
1178 113 1262 1263
1179 39 1262 1264
1180 34 1264 1265
1181 41 1264 1266
1182 119 1266 1267
1183 125 1261 1268
1184 125 1261 1269
1185 125 1263 1270
1186 125 1263 1271
1187 125 1263 1272
1188 125 1267 1273
1189 125 1267 1274
1190 125 1267 1275
1191 113 1276 1277
1192 113 1277 1278
1193 39 1277 1279
1194 34 1279 1280
1195 41 1279 1281
1196 119 1281 1282
1197 125 1276 1283
1198 125 1276 1284
1199 125 1278 1285
1200 125 1278 1286
1201 125 1278 1287
1202 125 1282 1288
1203 125 1282 1289
1204 125 1282 1290
1205 113 1291 1292
1206 113 1292 1293
1207 39 1292 1294
1208 34 1294 1295
1209 41 1294 1296
1210 119 1296 1297
1211 125 1291 1298
1212 125 1291 1299
1213 125 1293 1300
1214 125 1293 1301
1215 125 1293 1302
1216 125 1297 1303
1217 125 1297 1304
1218 125 1297 1305
1219 113 1306 1307
1220 113 1307 1308
1221 39 1307 1309
1222 34 1309 1310
1223 41 1309 1311
1224 119 1311 1312
1225 125 1306 1313
1226 125 1306 1314
1227 125 1308 1315
1228 125 1308 1316
1229 125 1308 1317
1230 125 1312 1318
1231 125 1312 1319
1232 125 1312 1320
1233 113 1321 1322
1234 113 1322 1323
1235 39 1322 1324
1236 34 1324 1325
1237 41 1324 1326
1238 119 1326 1327
1239 125 1321 1328
1240 125 1321 1329
1241 125 1323 1330
1242 125 1323 1331
1243 125 1323 1332
1244 125 1327 1333
1245 125 1327 1334
1246 125 1327 1335
1247 113 1336 1337
1248 113 1337 1338
1249 39 1337 1339
1250 34 1339 1340
1251 41 1339 1341
1252 119 1341 1342
1253 125 1336 1343
1254 125 1336 1344
1255 125 1338 1345
1256 125 1338 1346
1257 125 1338 1347
1258 125 1342 1348
1259 125 1342 1349
1260 125 1342 1350
1261 113 1351 1352
1262 113 1352 1353
1263 39 1352 1354
1264 34 1354 1355
1265 41 1354 1356
1266 119 1356 1357
1267 125 1351 1358
1268 125 1351 1359
1269 125 1353 1360
1270 125 1353 1361
1271 125 1353 1362
1272 125 1357 1363
1273 125 1357 1364
1274 125 1357 1365
1275 113 1366 1367
1276 113 1367 1368
1277 39 1367 1369
1278 34 1369 1370
1279 41 1369 1371
1280 119 1371 1372
1281 125 1366 1373
1282 125 1366 1374
1283 125 1368 1375
1284 125 1368 1376
1285 125 1368 1377
1286 125 1372 1378
1287 125 1372 1379
1288 125 1372 1380
1289 113 1381 1382
1290 113 1382 1383
1291 39 1382 1384
1292 34 1384 1385
1293 41 1384 1386
1294 119 1386 1387
1295 125 1381 1388
1296 125 1381 1389
1297 125 1383 1390
1298 125 1383 1391
1299 125 1383 1392
1300 125 1387 1393
1301 125 1387 1394
1302 125 1387 1395
1303 113 1396 1397
1304 113 1397 1398
1305 39 1397 1399
1306 34 1399 1400
1307 41 1399 1401
1308 119 1401 1402
1309 125 1396 1403
1310 125 1396 1404
1311 125 1398 1405
1312 125 1398 1406
1313 125 1398 1407
1314 125 1402 1408
1315 125 1402 1409
1316 125 1402 1410
1317 113 1411 1412
1318 113 1412 1413
1319 39 1412 1414
1320 34 1414 1415
1321 41 1414 1416
1322 119 1416 1417
1323 125 1411 1418
1324 125 1411 1419
1325 125 1413 1420
1326 125 1413 1421
1327 125 1413 1422
1328 125 1417 1423
1329 125 1417 1424
1330 125 1417 1425
1331 113 1426 1427
1332 113 1427 1428
1333 39 1427 1429
1334 34 1429 1430
1335 41 1429 1431
1336 119 1431 1432
1337 125 1426 1433
1338 125 1426 1434
1339 125 1428 1435
1340 125 1428 1436
1341 125 1428 1437
1342 125 1432 1438
1343 125 1432 1439
1344 125 1432 1440
1345 113 1441 1442
1346 113 1442 1443
1347 39 1442 1444
1348 34 1444 1445
1349 41 1444 1446
1350 119 1446 1447
1351 125 1441 1448
1352 125 1441 1449
1353 125 1443 1450
1354 125 1443 1451
1355 125 1443 1452
1356 125 1447 1453
1357 125 1447 1454
1358 125 1447 1455
1359 113 1456 1457
1360 113 1457 1458
1361 39 1457 1459
1362 34 1459 1460
1363 41 1459 1461
1364 119 1461 1462
1365 125 1456 1463
1366 125 1456 1464
1367 125 1458 1465
1368 125 1458 1466
1369 125 1458 1467
1370 125 1462 1468
1371 125 1462 1469
1372 125 1462 1470
1373 113 1471 1472
1374 113 1472 1473
1375 39 1472 1474
1376 34 1474 1475
1377 41 1474 1476
1378 119 1476 1477
1379 125 1471 1478
1380 125 1471 1479
1381 125 1473 1480
1382 125 1473 1481
1383 125 1473 1482
1384 125 1477 1483
1385 125 1477 1484
1386 125 1477 1485
1387 113 1486 1487
1388 113 1487 1488
1389 39 1487 1489
1390 34 1489 1490
1391 41 1489 1491
1392 119 1491 1492
1393 125 1486 1493
1394 125 1486 1494
1395 125 1488 1495
1396 125 1488 1496
1397 125 1488 1497
1398 125 1492 1498
1399 125 1492 1499
1400 125 1492 1500
1401 113 2 1471
1402 113 1 17
1403 113 16 32
1404 113 31 47
1405 113 46 62
1406 113 61 77
1407 113 76 92
1408 113 91 107
1409 113 106 122
1410 113 121 137
1411 113 136 152
1412 113 151 167
1413 113 166 182
1414 113 181 197
1415 113 196 212
1416 113 211 227
1417 113 226 242
1418 113 241 257
1419 113 256 272
1420 113 271 287
1421 113 286 302
1422 113 301 317
1423 113 316 332
1424 113 331 347
1425 113 346 362
1426 113 361 377
1427 113 376 392
1428 113 391 407
1429 113 406 422
1430 113 421 437
1431 113 436 452
1432 113 451 467
1433 113 466 482
1434 113 481 497
1435 113 496 512
1436 113 511 527
1437 113 526 542
1438 113 541 557
1439 113 556 572
1440 113 571 587
1441 113 586 602
1442 113 601 617
1443 113 616 632
1444 113 631 647
1445 113 646 662
1446 113 661 677
1447 113 676 692
1448 113 691 707
1449 113 706 722
1450 113 721 737
1451 113 751 767
1452 113 766 782
1453 113 781 797
1454 113 796 812
1455 113 811 827
1456 113 826 842
1457 113 841 857
1458 113 856 872
1459 113 871 887
1460 113 886 902
1461 113 901 917
1462 113 916 932
1463 113 931 947
1464 113 946 962
1465 113 961 977
1466 113 976 992
1467 113 991 1007
1468 113 1006 1022
1469 113 1021 1037
1470 113 1036 1052
1471 113 1051 1067
1472 113 1066 1082
1473 113 1081 1097
1474 113 1096 1112
1475 113 1111 1127
1476 113 1126 1142
1477 113 1141 1157
1478 113 1156 1172
1479 113 1171 1187
1480 113 1186 1202
1481 113 1201 1217
1482 113 1216 1232
1483 113 1231 1247
1484 113 1246 1262
1485 113 1261 1277
1486 113 1276 1292
1487 113 1291 1307
1488 113 1306 1322
1489 113 1321 1337
1490 113 1336 1352
1491 113 1351 1367
1492 113 1366 1382
1493 113 1381 1397
1494 113 1396 1412
1495 113 1411 1427
1496 113 1426 1442
1497 113 1441 1457
1498 113 1456 1487
