# PMMA molecule
150 atoms
149 bonds
274 angles
360 dihedrals
20 impropers

Coords

50 -0.8928608563664095 -2.70717718834322 -3.4386082215730087
49 -0.8550010292564663 -1.5146793094853397 -3.0625760782540166
59 -3.4889586507663326 -1.1137209177736898 -4.025344195068992
110 -2.337866868132445 -0.7636727210548928 -6.18829014746823
52 -3.2689865843767762 -1.2270339903989624 -3.01165029361656
60 -4.058043636985455 -0.793534120040059 -2.4058391399264387
58 -3.27324787193702 -2.2947341822547376 -2.727438672142644
116 -1.872484578042533 -3.1569334569359 -6.173124526215368
51 -1.9714620578260842 -0.760615689227027 -2.9094961250941784
145 -4.460342660976691 -2.4759328365290676 -6.120853091437026
73 -1.8369572282634037 -5.712176042593377 -1.5307881742831224
115 -0.3534100631934116 -2.5268936083364295 -6.481183978488828
67 -2.131266944798555 -5.0417022911699 -0.7827918096288204
64 -0.15606551991075968 -3.6445626601550325 -0.685017816238652
74 -3.07299833710953 -4.704934214096669 -1.1700942607632907
66 -1.4593078526735352 -3.7653037469824264 -0.6270774011547964
14 -0.6696684432791207 -5.741386194624104 -3.5276363276101086
70 -1.5334319866840955 -1.1782728031818852 -0.44298769556310713
146 -5.813734141561965 -3.4750973667422436 -6.431164826715634
108 -1.1845483755044022 -3.016315442109689 -6.990871280167906
136 -3.36535505301312 -4.985729506322769 -6.873938769115832
54 1.865591366132187 -2.355467152004758 -1.8853155961179118
13 -1.2469650704788897 -5.914562861429941 -5.145684125693504
53 1.974060599897487 -0.8849727468122062 -1.1406403620398455
6 0.5756106056344548 -6.918703885329027 -4.80747763711811
15 0.07036610236410912 -4.879859343464663 -4.972739402290254
7 -0.32858998967053754 -5.839528864265352 -4.563146944074154
33 3.2681135317630003 -0.25387069525936923 -5.720701012836705
31 1.3839731214133595 -0.683677892504881 -4.078545576492294
47 0.4608699706989272 -0.7802668370535404 -2.7456730599545374
42 3.311633776789349 -1.3538846379662548 -5.810666286191577
39 0.5826082611825232 -0.5753201672785666 -4.819725577463326
38 1.8182002300655702 -1.7282868485376017 -4.058700486606989
35 4.301401498901586 -1.0249640806550842 -3.201974843375298
46 1.1953198610909324 -1.5548423987987068 -1.5260264766040796
65 0.5916749948262865 -4.604722725813382 -0.9070751668967425
62 0.4015822285708932 -2.173376598358481 -0.297679438608502
144 -4.136436228550362 -5.441161603886898 -6.192094631802372
138 -5.021185742094977 -2.984809926962951 -6.891607025851181
130 1.5082664615753254 -7.051746802956225 -0.5053716404439994
104 2.889026316428292 -3.6357341004893926 -7.059489370825189
137 -4.1102940745970695 -3.883182646078685 6.382039724774866
114 -3.81952352227458 -2.2958761123986084 4.962966456225124
106 -3.1281138496103273 -2.9944150903758775 5.504024142852303
113 -2.7393472247837414 -3.602227002835108 4.694799160286915
107 -1.8791307300000488 -2.172316786468877 6.038634450217375
72 -1.1097251622917703 -1.7360444561728725 1.1869061482603085
63 -0.7447515329305805 -1.327654215541819 0.2388073644620512
99 -1.6336204945372685 -1.2414460665991633 4.150886425137801
109 -2.358758159425972 -0.853484793327512 6.712112187137561
147 -5.368530531102933 -2.15644782008048 6.54075485808541
139 -5.104459994094653 -4.68250946501972 5.403074135787217
140 -4.691354506669435 -5.026593382560751 4.3101304636669555
141 -6.303207089279464 -5.023106645644939 5.894437127216423
117 -0.9746031639142583 -4.007194361702648 6.826121925898627
143 -2.9772426428469236 -5.834849071618583 6.624327708612429
91 -0.953611889506929 -1.6278725724748275 4.896536512041993
98 -0.4773160366918594 -0.6797468847661419 5.199826653793363
102 -0.8986916206875311 -3.5368278933968598 2.772551059908854
100 -0.7809415807409783 -4.370048616456877 4.229997312266556
86 3.5479465991155505 -1.7127658623263917 3.4672783173319823
78 3.200575373081411 -2.3329260893222035 2.6225563810545287
71 -0.4698633100238023 -0.30376896794075403 0.3813051098386433
95 1.8657689586023567 -1.8398890515364839 5.95249415972845
149 -6.748931090958553 -6.501636283158134 4.342919782239824
103 2.2330956645949245 -5.3157824973635055 6.986541135176412
150 6.37447674463833 -5.182232471447515 4.380610876101827
101 0.627652895757211 -4.399894981345599 3.236543275913241
77 1.9531366278911806 -1.697626770496253 1.999905285570347
148 6.191595885691062 -6.328903061791204 5.63806847814763
79 2.3801723681032447 -0.2903977329527354 1.4697353149156358
142 6.917211715885469 -5.7868127640594755 5.070131648951764
80 3.4019237130743294 -0.29299468019087094 0.7603983635087825
76 0.8364895722963857 -1.3903383798644242 3.1818352768220217
105 3.4232592063934186 -4.8423054490668935 5.8003405973965245
87 3.9112522064675685 -2.4032437646445235 1.8258057622146948
69 2.347240397431544 -2.8190774763713016 0.15309898760051066
93 -0.21695105321220876 -3.729442514307114 3.586180170607233
85 2.980004067851591 -3.3343134739448397 3.032660661511355
94 1.3314550666090215 -2.7466922147406487 5.331847712135535
96 1.5637204599142764 -3.9480104254991573 5.445067505802629
83 0.041150015822592145 -0.7869456698599997 2.8695305180090935
68 1.2913439258778263 -3.6017085057759637 1.2227911643940343
84 1.3994932313727757 -0.7482190005743998 3.885411738184133
97 2.560944650846424 -4.447658196939239 6.374946881142553
61 1.4628599081941784 -2.6209142613298937 0.7908109659258988
92 0.28119975456274116 -2.4154227799690595 4.199976772133877
75 -2.4148090554338015 -5.632496137121542 0.14585987562787306
26 -0.4453410660273063 1.2017833944809668 -5.540937080066266
8 -0.020039881803818105 3.3074373710058316 -4.713125285694226
55 -0.3384020511506538 1.2201952824469382 -2.990601196190015
5 -0.8451950613148185 5.537783729748779 -4.030421882565657
57 -0.4407564455760262 0.634056844272191 -1.4024529048235443
132 0.2376563654892463 6.4641934788453375 -1.5304307566285518
131 0.89768230335231 5.490446093561624 -0.3016411693283594
18 0.2921029196778626 1.4276205027957696 -6.350789097119509
48 0.1656059469283644 0.5945281243631086 -2.238068693951213
27 0.6681417235160021 0.5123930465249913 -6.708025060910301
40 4.230389538063103 0.2478774048919954 -5.883491899861182
127 5.8580284569667365 5.701015981835208 -0.7900909648334373
133 6.337720426913116 6.438033057733903 -0.14987963158251194
9 0.1796757341767261 4.083375914308358 -6.082157924147361
32 2.6411732394567826 0.24515079989990785 -4.392855040255477
11 3.5725435693226943 4.941050438582489 -5.137459822767622
45 5.938516378033536 0.935992184250062 -2.3722743836537585
12 2.9654141324962415 6.456337343518478 -4.700855141599115
56 1.12913621999805 1.011952192207569 -1.964602812559673
129 0.9560094457586628 4.096475791699921 -2.543662844401002
1 0.7810073928076777 3.7554091577667394 -5.298382706943669
4 0.2902426785672594 5.972397083390082 -4.384981135357063
134 6.651846179370904 5.351115633239512 -1.4442615891041388
122 2.2552137633606213 5.650966760472156 -1.9795642791814805
2 1.456026086075588 4.978155332378937 -4.499321821804126
121 1.8179060387396957 4.575118048224636 -3.019890715588608
17 1.4173418472723212 2.3672912153468486 -5.818341403793221
44 5.192155815160782 2.15508775880273 -1.4709412044641565
24 3.0617887057702218 2.390756471469465 -4.530792172722616
36 3.8388943372625084 1.0156950522379775 -2.5404798341443406
124 3.4629134820212615 5.1881379850991065 -1.127524938276098
41 2.832311383751578 0.049397399121179575 -6.636579903430628
3 2.6838837524439088 5.569937601886671 -5.20737725406115
16 2.130940102298678 1.7352641553147299 -4.55627503739768
125 3.49970037504358 4.193324309461404 -0.4004636072498471
126 4.563769044356699 5.977353401190313 -1.3505427216095471
23 1.6006280410516203 2.094296993141284 -3.613072437922242
21 3.5114192403023816 2.5869846118163364 -6.920708855152811
37 5.06123774841685 1.0791507422757443 -1.7500011117511152
128 2.553393131116793 3.8170573214232233 -3.0727811388256208
10 2.5354002152197266 5.808861919695079 -6.240529496878081
123 1.2053849893465207 6.192289609872193 -1.0204935103482784
43 5.013273297715567 0.4334732567867148 -0.8936189302721127
34 3.684384846577614 0.023700320434078215 -3.3281415282875297
135 5.729407113186492 4.947953967442547 -0.10516861425062274
119 -2.84151117153214 1.4702126264360702 -6.93712832916668
118 -3.448862688080271 2.0325427029484002 5.651283154276222
112 -3.536966665725159 1.2128872821492012 6.354762072023974
111 -2.9755378254967093 0.03604825361830155 5.87574646579174
28 4.14123520736156 3.6784874750463823 5.627239042521571
89 1.970732010438618 1.655136703357189 0.03683211691678068
29 4.173656855014079 1.8787387041054044 5.520580275017834
22 4.382152405458549 2.7241482698288175 6.147114219365391
82 1.8431724629207755 2.0054608592399257 1.0563564697813588
120 -4.536226915510436 1.0870894250095668 6.699045141750497
88 0.9837624455394165 2.647605686356088 1.208618934276081
90 2.701733910661786 2.4374863284252717 1.5312531091789863
81 1.5411216273185149 0.7019003769678047 1.6013722656635734
20 1.7260965317534405 2.9835660401732076 5.978650781514944
30 5.418897474735597 2.7298626664647285 6.496373688222314
25 -0.244126357087743 1.91524414589954 7.012219528173879
19 2.2097005086351595 2.670894958425296 7.037421905351757

Charges

50 -0.43
49 0.51
59 0.06
110 -0.43
52 0.16
60 0.06
58 0.06
116 0.06
51 -0.33
145 0.06
73 0.06
115 0.06
67 0.16
64 0.51
74 0.06
66 -0.33
14 0.06
70 0.06
146 0.06
108 -0.18
136 -0.18
54 0.115
13 0.06
53 0.115
6 -0.33
15 0.06
7 0.16
33 -0.18
31 -0.12
47 0
42 0.06
39 0.115
38 0.115
35 -0.43
46 -0.12
65 -0.43
62 0
144 0.115
138 -0.18
130 0.06
104 0.06
137 -0.06
114 0.115
106 -0.12
113 0.115
107 0
72 0.06
63 -0.18
99 0.115
109 0.51
147 0.06
139 0.51
140 -0.43
141 -0.33
117 0.06
143 0.115
91 -0.12
98 0.115
102 0.06
100 0.06
86 0.06
78 -0.18
71 0.06
95 -0.43
149 0.06
103 0.06
150 0.06
101 0.06
77 0
148 0.06
79 0.51
142 0.16
80 -0.43
76 -0.12
105 0.06
87 0.06
69 0.115
93 -0.18
85 0.06
94 0.51
96 -0.33
83 0.115
68 0.115
84 0.115
97 0.16
61 -0.12
92 0
75 0.06
26 0.06
8 0.115
55 0.06
5 -0.43
57 0.06
132 0.06
131 0.06
18 -0.18
48 -0.18
27 0.06
40 0.06
127 0.16
133 0.06
9 0.115
32 0
11 0.06
45 0.06
12 0.06
56 0.06
129 0.115
1 -0.12
4 0.51
134 0.06
122 -0.06
2 0
121 -0.18
17 0
44 0.06
24 0.115
36 -0.33
124 0.51
41 0.06
3 -0.18
16 -0.12
125 -0.43
126 -0.33
23 0.115
21 -0.33
37 0.16
128 0.115
10 0.06
123 -0.18
43 0.06
34 0.51
135 0.06
119 0.06
118 0.06
112 0.16
111 -0.33
28 0.06
89 0.06
29 0.06
22 0.16
82 0.16
120 0.06
88 0.06
90 0.06
81 -0.33
20 -0.43
30 0.06
25 0.06
19 0.51

Types

50 407
49 406
59 85
110 407
52 409
60 85
58 85
116 85
51 408
145 85
73 85
115 85
67 409
64 406
74 85
66 408
14 85
70 85
146 85
108 80
136 80
54 89
13 85
53 89
6 408
15 85
7 409
33 80
31 81
47 84
42 85
39 89
38 89
35 407
46 81
65 407
62 84
144 89
138 80
130 85
104 85
137 82
114 89
106 81
113 89
107 84
72 85
63 80
99 89
109 406
147 85
139 406
140 407
141 408
117 85
143 89
91 81
98 89
102 85
100 85
86 85
78 80
71 85
95 407
149 85
103 85
150 85
101 85
77 84
148 85
79 406
142 409
80 407
76 81
105 85
87 85
69 89
93 80
85 85
94 406
96 408
83 89
68 89
84 89
97 409
61 81
92 84
75 85
26 85
8 89
55 85
5 407
57 85
132 85
131 85
18 80
48 80
27 85
40 85
127 409
133 85
9 89
32 84
11 85
45 85
12 85
56 85
129 89
1 81
4 406
134 85
122 82
2 84
121 80
17 84
44 85
24 89
36 408
124 406
41 85
3 80
16 81
125 407
126 408
23 89
21 408
37 409
128 89
10 85
123 80
43 85
34 406
135 85
119 85
118 85
112 409
111 408
28 85
89 85
29 85
22 409
82 409
120 85
88 85
90 85
81 408
20 407
30 85
25 85
19 406

Bonds

1 34 49 50
2 41 49 51
3 125 52 58
4 125 52 59
5 125 52 60
6 119 51 52
7 125 67 73
8 125 67 74
9 125 67 75
10 34 64 65
11 41 64 66
12 119 66 67
13 125 108 115
14 125 108 116
15 125 108 117
16 113 136 137
17 125 136 143
18 125 136 144
19 119 6 7
20 125 7 13
21 125 7 14
22 125 7 15
23 125 33 40
24 125 33 41
25 125 33 42
26 113 31 32
27 125 31 38
28 125 31 39
29 113 31 47
30 113 47 48
31 39 47 49
32 113 46 47
33 125 46 53
34 125 46 54
35 113 46 62
36 113 62 63
37 39 62 64
38 125 138 145
39 125 138 146
40 125 138 147
41 113 137 138
42 39 137 139
43 113 106 107
44 125 106 113
45 125 106 114
46 113 106 137
47 113 107 108
48 39 107 109
49 125 63 70
50 125 63 71
51 125 63 72
52 34 109 110
53 41 109 111
54 34 139 140
55 41 139 141
56 119 141 142
57 113 91 92
58 125 91 98
59 125 91 99
60 113 91 107
61 125 78 85
62 125 78 86
63 125 78 87
64 113 77 78
65 39 77 79
66 34 79 80
67 41 79 81
68 125 142 148
69 125 142 149
70 125 142 150
71 113 76 77
72 125 76 83
73 125 76 84
74 113 76 92
75 125 93 100
76 125 93 101
77 125 93 102
78 34 94 95
79 41 94 96
80 119 96 97
81 125 97 103
82 125 97 104
83 125 97 105
84 113 61 62
85 125 61 68
86 125 61 69
87 113 61 77
88 113 92 93
89 39 92 94
90 125 18 25
91 125 18 26
92 125 18 27
93 125 48 55
94 125 48 56
95 125 48 57
96 125 127 133
97 125 127 134
98 125 127 135
99 113 32 33
100 39 32 34
101 113 1 2
102 125 1 8
103 125 1 9
104 113 1 17
105 34 4 5
106 41 4 6
107 113 122 123
108 39 122 124
109 113 2 3
110 39 2 4
111 113 2 121
112 113 121 122
113 125 121 128
114 125 121 129
115 113 17 18
116 39 17 19
117 119 36 37
118 34 124 125
119 41 124 126
120 125 3 10
121 125 3 11
122 125 3 12
123 113 16 17
124 125 16 23
125 125 16 24
126 113 16 32
127 119 126 127
128 119 21 22
129 125 37 43
130 125 37 44
131 125 37 45
132 125 123 130
133 125 123 131
134 125 123 132
135 34 34 35
136 41 34 36
137 125 112 118
138 125 112 119
139 125 112 120
140 119 111 112
141 125 22 28
142 125 22 29
143 125 22 30
144 125 82 88
145 125 82 89
146 125 82 90
147 119 81 82
148 34 19 20
149 41 19 21

Angles

1 50 47 49 50
2 52 47 49 51
3 53 50 49 51
4 220 58 52 59
5 220 58 52 60
6 220 59 52 60
7 228 51 52 58
8 228 51 52 59
9 228 51 52 60
10 398 49 51 52
11 220 73 67 74
12 220 73 67 75
13 220 74 67 75
14 228 66 67 73
15 228 66 67 74
16 228 66 67 75
17 50 62 64 65
18 52 62 64 66
19 53 65 64 66
20 398 64 66 67
21 220 115 108 116
22 220 115 108 117
23 220 116 108 117
24 232 107 108 115
25 232 107 108 116
26 232 107 108 117
27 220 143 136 144
28 232 137 136 143
29 232 137 136 144
30 398 4 6 7
31 220 13 7 14
32 220 13 7 15
33 220 14 7 15
34 228 6 7 13
35 228 6 7 14
36 228 6 7 15
37 220 40 33 41
38 220 40 33 42
39 220 41 33 42
40 232 32 33 40
41 232 32 33 41
42 232 32 33 42
43 199 32 31 47
44 220 38 31 39
45 232 32 31 38
46 232 32 31 39
47 232 38 31 47
48 232 39 31 47
49 199 31 47 48
50 199 46 47 48
51 199 31 47 46
52 200 46 47 49
53 200 31 47 49
54 200 48 47 49
55 199 47 46 62
56 220 53 46 54
57 232 47 46 53
58 232 47 46 54
59 232 53 46 62
60 232 54 46 62
61 199 46 62 63
62 199 61 62 63
63 199 46 62 61
64 200 61 62 64
65 200 46 62 64
66 200 63 62 64
67 220 145 138 146
68 220 145 138 147
69 220 146 138 147
70 232 137 138 145
71 232 137 138 146
72 232 137 138 147
73 199 106 137 136
74 199 106 137 138
75 199 136 137 138
76 200 136 137 139
77 200 138 137 139
78 200 106 137 139
79 199 107 106 137
80 220 113 106 114
81 232 107 106 113
82 232 107 106 114
83 232 113 106 137
84 232 114 106 137
85 199 91 107 108
86 199 106 107 108
87 199 91 107 106
88 200 106 107 109
89 200 91 107 109
90 200 108 107 109
91 220 70 63 71
92 220 70 63 72
93 220 71 63 72
94 232 62 63 70
95 232 62 63 71
96 232 62 63 72
97 50 107 109 110
98 52 107 109 111
99 53 110 109 111
100 50 137 139 140
101 52 137 139 141
102 53 140 139 141
103 398 139 141 142
104 199 92 91 107
105 220 98 91 99
106 232 92 91 98
107 232 92 91 99
108 232 98 91 107
109 232 99 91 107
110 220 85 78 86
111 220 85 78 87
112 220 86 78 87
113 232 77 78 85
114 232 77 78 86
115 232 77 78 87
116 199 61 77 78
117 199 76 77 78
118 199 61 77 76
119 200 76 77 79
120 200 61 77 79
121 200 78 77 79
122 50 77 79 80
123 52 77 79 81
124 53 80 79 81
125 220 148 142 149
126 220 148 142 150
127 220 149 142 150
128 228 141 142 148
129 228 141 142 149
130 228 141 142 150
131 199 77 76 92
132 220 83 76 84
133 232 77 76 83
134 232 77 76 84
135 232 83 76 92
136 232 84 76 92
137 220 100 93 101
138 220 100 93 102
139 220 101 93 102
140 232 92 93 100
141 232 92 93 101
142 232 92 93 102
143 50 92 94 95
144 52 92 94 96
145 53 95 94 96
146 398 94 96 97
147 220 103 97 104
148 220 103 97 105
149 220 104 97 105
150 228 96 97 103
151 228 96 97 104
152 228 96 97 105
153 199 62 61 77
154 220 68 61 69
155 232 62 61 68
156 232 62 61 69
157 232 68 61 77
158 232 69 61 77
159 199 76 92 93
160 199 91 92 93
161 199 76 92 91
162 200 91 92 94
163 200 76 92 94
164 200 93 92 94
165 220 25 18 26
166 220 25 18 27
167 220 26 18 27
168 232 17 18 25
169 232 17 18 26
170 232 17 18 27
171 220 55 48 56
172 220 55 48 57
173 220 56 48 57
174 232 47 48 55
175 232 47 48 56
176 232 47 48 57
177 220 133 127 134
178 220 133 127 135
179 220 134 127 135
180 228 126 127 133
181 228 126 127 134
182 228 126 127 135
183 199 16 32 33
184 199 31 32 33
185 199 16 32 31
186 200 31 32 34
187 200 16 32 34
188 200 33 32 34
189 199 2 1 17
190 220 8 1 9
191 232 2 1 8
192 232 2 1 9
193 232 8 1 17
194 232 9 1 17
195 50 2 4 5
196 52 2 4 6
197 53 5 4 6
198 199 121 122 123
199 200 121 122 124
200 200 123 122 124
201 199 1 2 3
202 199 1 2 121
203 199 3 2 121
204 200 1 2 4
205 200 3 2 4
206 200 4 2 121
207 199 2 121 122
208 220 128 121 129
209 232 2 121 128
210 232 2 121 129
211 232 122 121 128
212 232 122 121 129
213 199 1 17 18
214 199 16 17 18
215 199 1 17 16
216 200 16 17 19
217 200 1 17 19
218 200 18 17 19
219 398 34 36 37
220 50 122 124 125
221 52 122 124 126
222 53 125 124 126
223 220 10 3 11
224 220 10 3 12
225 220 11 3 12
226 232 2 3 10
227 232 2 3 11
228 232 2 3 12
229 199 17 16 32
230 220 23 16 24
231 232 17 16 23
232 232 17 16 24
233 232 23 16 32
234 232 24 16 32
235 398 124 126 127
236 398 19 21 22
237 220 43 37 44
238 220 43 37 45
239 220 44 37 45
240 228 36 37 43
241 228 36 37 44
242 228 36 37 45
243 220 130 123 131
244 220 130 123 132
245 220 131 123 132
246 232 122 123 130
247 232 122 123 131
248 232 122 123 132
249 50 32 34 35
250 52 32 34 36
251 53 35 34 36
252 220 118 112 119
253 220 118 112 120
254 220 119 112 120
255 228 111 112 118
256 228 111 112 119
257 228 111 112 120
258 398 109 111 112
259 220 28 22 29
260 220 28 22 30
261 220 29 22 30
262 228 21 22 28
263 228 21 22 29
264 228 21 22 30
265 220 88 82 89
266 220 88 82 90
267 220 89 82 90
268 228 81 82 88
269 228 81 82 89
270 228 81 82 90
271 398 79 81 82
272 50 17 19 20
273 52 17 19 21
274 53 20 19 21

Dihedrals

1 68 50 49 51 52
2 70 47 49 51 52
3 269 49 51 52 58
4 269 49 51 52 59
5 269 49 51 52 60
6 68 65 64 66 67
7 70 62 64 66 67
8 269 64 66 67 73
9 269 64 66 67 74
10 269 64 66 67 75
11 269 4 6 7 13
12 269 4 6 7 14
13 269 4 6 7 15
14 183 32 31 47 49
15 187 38 31 47 49
16 187 39 31 47 49
17 196 32 31 47 46
18 196 32 31 47 48
19 203 38 31 47 46
20 203 39 31 47 46
21 203 38 31 47 48
22 203 39 31 47 48
23 40 46 47 49 50
24 40 31 47 49 50
25 40 48 47 49 50
26 51 46 47 49 51
27 51 31 47 49 51
28 51 48 47 49 51
29 183 49 47 46 62
30 187 49 47 46 53
31 187 49 47 46 54
32 187 49 47 48 55
33 187 49 47 48 56
34 187 49 47 48 57
35 196 31 47 46 62
36 196 48 47 46 62
37 203 31 47 48 55
38 203 31 47 48 56
39 203 31 47 48 57
40 203 46 47 48 55
41 203 46 47 48 56
42 203 46 47 48 57
43 203 31 47 46 53
44 203 31 47 46 54
45 203 48 47 46 53
46 203 48 47 46 54
47 183 47 46 62 64
48 187 53 46 62 64
49 187 54 46 62 64
50 196 47 46 62 61
51 196 47 46 62 63
52 203 53 46 62 61
53 203 54 46 62 61
54 203 53 46 62 63
55 203 54 46 62 63
56 40 61 62 64 65
57 40 46 62 64 65
58 40 63 62 64 65
59 51 61 62 64 66
60 51 46 62 64 66
61 51 63 62 64 66
62 183 64 62 61 77
63 187 64 62 61 68
64 187 64 62 61 69
65 187 64 62 63 70
66 187 64 62 63 71
67 187 64 62 63 72
68 196 46 62 61 77
69 196 63 62 61 77
70 203 46 62 63 70
71 203 46 62 63 71
72 203 46 62 63 72
73 203 61 62 63 70
74 203 61 62 63 71
75 203 61 62 63 72
76 203 46 62 61 68
77 203 46 62 61 69
78 203 63 62 61 68
79 203 63 62 61 69
80 40 136 137 139 140
81 40 138 137 139 140
82 40 106 137 139 140
83 51 136 137 139 141
84 51 138 137 139 141
85 51 106 137 139 141
86 187 139 137 136 143
87 187 139 137 136 144
88 187 139 137 138 145
89 187 139 137 138 146
90 187 139 137 138 147
91 203 106 137 136 143
92 203 106 137 136 144
93 203 106 137 138 145
94 203 106 137 138 146
95 203 106 137 138 147
96 203 136 137 138 145
97 203 136 137 138 146
98 203 136 137 138 147
99 203 138 137 136 143
100 203 138 137 136 144
101 183 107 106 137 139
102 187 113 106 137 139
103 187 114 106 137 139
104 196 107 106 137 136
105 196 107 106 137 138
106 203 113 106 137 136
107 203 114 106 137 136
108 203 113 106 137 138
109 203 114 106 137 138
110 40 106 107 109 110
111 40 91 107 109 110
112 40 108 107 109 110
113 51 106 107 109 111
114 51 91 107 109 111
115 51 108 107 109 111
116 183 109 107 106 137
117 187 109 107 106 113
118 187 109 107 106 114
119 187 109 107 108 115
120 187 109 107 108 116
121 187 109 107 108 117
122 196 91 107 106 137
123 196 108 107 106 137
124 203 91 107 108 115
125 203 91 107 108 116
126 203 91 107 108 117
127 203 106 107 108 115
128 203 106 107 108 116
129 203 106 107 108 117
130 203 91 107 106 113
131 203 91 107 106 114
132 203 108 107 106 113
133 203 108 107 106 114
134 68 110 109 111 112
135 70 107 109 111 112
136 68 140 139 141 142
137 70 137 139 141 142
138 269 139 141 142 148
139 269 139 141 142 149
140 269 139 141 142 150
141 183 92 91 107 109
142 187 98 91 107 109
143 187 99 91 107 109
144 196 92 91 107 106
145 196 92 91 107 108
146 203 98 91 107 106
147 203 99 91 107 106
148 203 98 91 107 108
149 203 99 91 107 108
150 40 76 77 79 80
151 40 61 77 79 80
152 40 78 77 79 80
153 51 76 77 79 81
154 51 61 77 79 81
155 51 78 77 79 81
156 183 79 77 76 92
157 187 79 77 76 83
158 187 79 77 76 84
159 187 79 77 78 85
160 187 79 77 78 86
161 187 79 77 78 87
162 196 61 77 76 92
163 196 78 77 76 92
164 203 61 77 78 85
165 203 61 77 78 86
166 203 61 77 78 87
167 203 76 77 78 85
168 203 76 77 78 86
169 203 76 77 78 87
170 203 61 77 76 83
171 203 61 77 76 84
172 203 78 77 76 83
173 203 78 77 76 84
174 68 80 79 81 82
175 70 77 79 81 82
176 183 77 76 92 94
177 187 83 76 92 94
178 187 84 76 92 94
179 196 77 76 92 91
180 196 77 76 92 93
181 203 83 76 92 91
182 203 84 76 92 91
183 203 83 76 92 93
184 203 84 76 92 93
185 68 95 94 96 97
186 70 92 94 96 97
187 269 94 96 97 103
188 269 94 96 97 104
189 269 94 96 97 105
190 183 62 61 77 79
191 187 68 61 77 79
192 187 69 61 77 79
193 196 62 61 77 76
194 196 62 61 77 78
195 203 68 61 77 76
196 203 69 61 77 76
197 203 68 61 77 78
198 203 69 61 77 78
199 40 91 92 94 95
200 40 76 92 94 95
201 40 93 92 94 95
202 51 91 92 94 96
203 51 76 92 94 96
204 51 93 92 94 96
205 183 94 92 91 107
206 187 94 92 91 98
207 187 94 92 91 99
208 187 94 92 93 100
209 187 94 92 93 101
210 187 94 92 93 102
211 196 76 92 91 107
212 196 93 92 91 107
213 203 76 92 93 100
214 203 76 92 93 101
215 203 76 92 93 102
216 203 91 92 93 100
217 203 91 92 93 101
218 203 91 92 93 102
219 203 76 92 91 98
220 203 76 92 91 99
221 203 93 92 91 98
222 203 93 92 91 99
223 40 31 32 34 35
224 40 16 32 34 35
225 40 33 32 34 35
226 51 31 32 34 36
227 51 16 32 34 36
228 51 33 32 34 36
229 183 34 32 31 47
230 187 34 32 31 38
231 187 34 32 31 39
232 187 34 32 33 40
233 187 34 32 33 41
234 187 34 32 33 42
235 196 16 32 31 47
236 196 33 32 31 47
237 203 16 32 33 40
238 203 16 32 33 41
239 203 16 32 33 42
240 203 31 32 33 40
241 203 31 32 33 41
242 203 31 32 33 42
243 203 16 32 31 38
244 203 16 32 31 39
245 203 33 32 31 38
246 203 33 32 31 39
247 183 2 1 17 19
248 187 8 1 17 19
249 187 9 1 17 19
250 196 2 1 17 16
251 196 2 1 17 18
252 196 17 1 2 121
253 203 8 1 17 16
254 203 9 1 17 16
255 203 8 1 17 18
256 203 9 1 17 18
257 203 8 1 2 121
258 203 9 1 2 121
259 40 5 4 2 121
260 51 6 4 2 121
261 68 5 4 6 7
262 70 2 4 6 7
263 40 121 122 124 125
264 40 123 122 124 125
265 51 121 122 124 126
266 51 123 122 124 126
267 187 124 122 121 128
268 187 124 122 121 129
269 187 124 122 123 130
270 187 124 122 123 131
271 187 124 122 123 132
272 203 121 122 123 130
273 203 121 122 123 131
274 203 121 122 123 132
275 203 123 122 121 128
276 203 123 122 121 129
277 40 1 2 4 5
278 40 3 2 4 5
279 51 1 2 4 6
280 51 3 2 4 6
281 183 4 2 1 17
282 183 4 2 121 122
283 187 4 2 1 8
284 187 4 2 1 9
285 187 4 2 3 10
286 187 4 2 3 11
287 187 4 2 3 12
288 187 4 2 121 128
289 187 4 2 121 129
290 196 1 2 121 122
291 196 3 2 1 17
292 196 3 2 121 122
293 203 1 2 3 10
294 203 1 2 3 11
295 203 1 2 3 12
296 203 1 2 121 128
297 203 1 2 121 129
298 203 3 2 1 8
299 203 3 2 1 9
300 203 3 2 121 128
301 203 3 2 121 129
302 183 2 121 122 124
303 196 2 121 122 123
304 40 16 17 19 20
305 40 1 17 19 20
306 40 18 17 19 20
307 51 16 17 19 21
308 51 1 17 19 21
309 51 18 17 19 21
310 183 19 17 16 32
311 187 19 17 16 23
312 187 19 17 16 24
313 187 19 17 18 25
314 187 19 17 18 26
315 187 19 17 18 27
316 196 1 17 16 32
317 196 18 17 16 32
318 203 1 17 18 25
319 203 1 17 18 26
320 203 1 17 18 27
321 203 16 17 18 25
322 203 16 17 18 26
323 203 16 17 18 27
324 203 1 17 16 23
325 203 1 17 16 24
326 203 18 17 16 23
327 203 18 17 16 24
328 269 34 36 37 43
329 269 34 36 37 44
330 269 34 36 37 45
331 68 125 124 126 127
332 70 122 124 126 127
333 203 10 3 2 121
334 203 11 3 2 121
335 203 12 3 2 121
336 183 17 16 32 34
337 187 23 16 32 34
338 187 24 16 32 34
339 196 17 16 32 31
340 196 17 16 32 33
341 203 23 16 32 31
342 203 24 16 32 31
343 203 23 16 32 33
344 203 24 16 32 33
345 269 124 126 127 133
346 269 124 126 127 134
347 269 124 126 127 135
348 269 19 21 22 28
349 269 19 21 22 29
350 269 19 21 22 30
351 68 35 34 36 37
352 70 32 34 36 37
353 269 109 111 112 118
354 269 109 111 112 119
355 269 109 111 112 120
356 269 79 81 82 88
357 269 79 81 82 89
358 269 79 81 82 90
359 68 20 19 21 22
360 70 17 19 21 22

Impropers

1 1 47 51 49 50
2 1 62 66 64 65
3 1 2 6 4 5
4 1 50 47 49 51
5 1 65 62 64 66
6 1 140 137 139 141
7 1 110 107 109 111
8 1 137 141 139 140
9 1 80 77 79 81
10 1 92 96 94 95
11 1 95 92 94 96
12 1 35 32 34 36
13 1 125 122 124 126
14 1 5 2 4 6
15 1 20 17 19 21
16 1 32 36 34 35
17 1 122 126 124 125
18 1 17 21 19 20
19 1 107 111 109 110
20 1 77 81 79 80
