# FEC molecule
10 atoms
10 bonds
15 angles
15 dihedrals
2 impropers

Coords

5 -1.5074257053102493 -1.3211526456030238 -0.9521397161828942
4 -0.6634677180817783 -0.47905929073161735 -0.585464522716034
10 1.5751981338587533 -0.7710881729634886 1.1267354798408724
3 -0.3077309231718601 -0.18415449668331307 0.6166845005561532
6 0.23664536661767377 0.25856482697770655 -1.3057450752236985
8 1.446518772367123 1.856825432311766 -0.582725435900314
1 1.3534759195289099 0.7659984507959927 -0.565108468610743
9 2.2793885529402824 0.2877191537071737 -0.8956446928086641
7 0.7272961230983186 0.9513843434216378 1.8748483359538581
2 1.0357434443018039 0.15356066036584615 0.7985202276970016

Charges

5 -0.5
4 0.86
10 0.1
3 -0.45
6 -0.45
8 0.03
1 0.21
9 0.03
7 -0.22
2 0.21

Types

5 712
4 713
10 788
3 714
6 714
8 718
1 715
9 718
7 786
2 715

Bonds

1 34 4 5
2 41 4 6
3 41 3 4
4 113 1 2
5 119 1 6
6 125 1 8
7 125 1 9
8 119 2 3
9 3 2 7
10 125 2 10

Angles

1 53 3 4 5
2 53 5 4 6
3 398 2 3 4
4 398 1 6 4
5 205 2 1 6
6 220 8 1 9
7 228 6 1 8
8 228 6 1 9
9 232 2 1 8
10 232 2 1 9
11 197 1 2 7
12 205 1 2 3
13 228 3 2 10
14 232 1 2 10
15 233 7 2 10

Dihedrals

1 68 2 3 4 5
2 269 4 3 2 10
3 68 1 6 4 5
4 269 4 6 1 8
5 269 4 6 1 9
6 215 6 1 2 10
7 225 8 1 2 10
8 225 9 1 2 10
9 265 2 1 6 4
10 180 7 2 1 8
11 180 7 2 1 9
12 214 3 2 1 6
13 215 3 2 1 8
14 215 3 2 1 9
15 265 1 2 3 4

Impropers

1 1 5 3 4 6
2 1 3 6 4 5
