1 1 80 0.0 2.449889356687409 -0.19133392882520128 0.3045777241723768
2 1 714 0.0 1.122651063353635 -0.5508009780345897 0.669395441061816
3 1 713 0.0 -0.0025570895393608076 -0.016719520981984714 0.0371013651111723
4 1 712 0.0 0.12550775115544469 0.8206974459347363 -0.8991620072843053
5 1 714 0.0 -1.2715768077787029 -0.42302406422847494 0.45619278834299165
6 1 80 0.0 -2.468270729070099 0.07113821576354769 -0.13338100444987072
7 1 85 0.0 2.637816023781147 -0.45740674595432285 -0.757241544718187
8 1 85 0.0 3.166707442172999 -0.7440331008102131 0.9458657968235952
9 1 85 0.0 2.60260044570612 0.898974862001679 0.451129385354619
10 1 85 0.0 -3.341160358564797 -0.3967169126815978 0.3663485945791968
11 1 85 0.0 -2.493195796430496 -0.18358279412101494 -1.2141525685726782
12 1 85 0.0 -2.528411301473283 1.1728075219374454 -0.005791304849078314
