1 1 124 0.0 -0.394738237758103 1.0509449037970433 0.05382473504251132
2 1 124 0.0 -0.9341065398279078 -0.30016196164601183 0.5482229116348954
3 1 431 0.0 0.10166834678404363 -1.240176580678935 0.6073937374957037
4 1 415 0.0 1.1773659288867158 -0.6651990562281401 -0.5334184310938077
5 1 416 0.0 2.5574145928696232 -0.5592882964508393 0.051034323651248124
6 1 416 0.0 1.1819465665875073 -1.5534102698403982 -1.745192496978283
7 1 431 0.0 0.5899370375517999 0.8494267293555363 -0.9207333162648914
8 1 85 0.0 0.04804265391209081 1.6127713114034465 0.9054021149272617
9 1 85 0.0 -1.2219114756198175 1.6563590113359967 -0.37324801014406606
10 1 85 0.0 -1.3870256208899485 -0.18233768736976633 1.5552555220314677
11 1 85 0.0 -1.7185932524959548 -0.6689281036779057 -0.14854109030199975
