1 40 8 7 9
2 46 6 7 9
3 50 6 7 8
4 112 7 9 23
5 200 5 6 7
6 220 10 1 11
7 220 10 1 12
8 220 11 1 12
9 220 13 3 14
10 220 13 3 15
11 220 14 3 15
12 220 16 4 17
13 220 16 4 18
14 220 17 4 18
15 220 19 5 20
16 220 21 6 22
17 224 7 6 21
18 224 7 6 22
19 232 5 6 21
20 232 5 6 22
21 232 6 5 19
22 232 6 5 20
23 307 2 1 10
24 307 2 1 11
25 307 2 1 12
26 307 2 3 13
27 307 2 3 14
28 307 2 3 15
29 307 2 4 16
30 307 2 4 17
31 307 2 4 18
32 307 2 5 19
33 307 2 5 20
34 308 2 5 6
35 998 1 2 3
36 998 1 2 4
37 998 3 2 4
38 998 1 2 5
39 998 3 2 5
40 998 4 2 5
