1 1 871 0.0 -1.2064673501888614 -1.891696291792291 -0.0538803210251013
2 1 866 0.0 -1.051269150953922 -0.08131137425212519 0.3791471865547198
3 1 871 0.0 -1.8142980471266839 0.9512049367202182 -0.9776099509742665
4 1 871 0.0 -1.9654688578929396 0.24147968566219855 1.9741530762275101
5 1 872 0.0 0.7531957158408491 0.38071507512726777 0.6139304474318097
6 1 81 0.0 1.5674361119983367 0.14134033044300076 -0.6576929799744813
7 1 209 0.0 2.998767142646725 0.513373684391432 -0.4354126712898329
8 1 210 0.0 3.390156344579953 1.6879029219190786 -0.670473362101735
9 1 211 0.0 3.8880845657379526 -0.42771000979453405 0.07367847480797415
10 1 85 0.0 -2.279836745174762 -2.1657292986737584 -0.11080788483851015
11 1 85 0.0 -0.7265666675984369 -2.083409381100305 -1.0351854577598862
12 1 85 0.0 -0.7097554861149127 -2.5020994428224537 0.7278738403968646
13 1 85 0.0 -2.897347233243651 0.7224343262007347 -1.0492057576217697
14 1 85 0.0 -1.6780720475607778 2.0269375259858746 -0.7437406422111681
15 1 85 0.0 -1.3253261428844059 0.7168514014665671 -1.9450809401064046
16 1 85 0.0 -3.0342470444508614 -0.02780259082975611 1.8486515322304526
17 1 85 0.0 -1.8827733622779743 1.3162297773210914 2.236111072243969
18 1 85 0.0 -1.5217779492995982 -0.3722462288138234 2.7847256482744025
19 1 85 0.0 0.8027339613829824 1.4534472818296391 0.8991290978650487
20 1 85 0.0 1.1625548080271673 -0.23047870379947105 1.44668242960312
21 1 85 0.0 1.5163965936663537 -0.9305582252496004 -0.9453572806426525
22 1 85 0.0 1.1568999751785436 0.7481724427697325 -1.4935474265855877
23 1 212 0.0 4.856980865709291 -0.18704784270870126 0.24537627596273337
