1 31 8 7 9 23
2 32 6 7 9 23
3 40 5 6 7 8
4 44 8 7 6 21
5 44 8 7 6 22
6 46 5 6 7 9
7 48 9 7 6 21
8 48 9 7 6 22
9 174 2 5 6 7
10 187 7 6 5 19
11 187 7 6 5 20
12 225 19 5 6 21
13 225 19 5 6 22
14 225 20 5 6 21
15 225 20 5 6 22
16 245 2 5 6 21
17 245 2 5 6 22
18 406 1 2 5 6
19 406 3 2 5 6
20 406 4 2 5 6
21 408 3 2 1 10
22 408 4 2 1 10
23 408 3 2 1 11
24 408 4 2 1 11
25 408 3 2 1 12
26 408 4 2 1 12
27 408 1 2 3 13
28 408 4 2 3 13
29 408 1 2 3 14
30 408 4 2 3 14
31 408 1 2 3 15
32 408 4 2 3 15
33 408 1 2 4 16
34 408 3 2 4 16
35 408 1 2 4 17
36 408 3 2 4 17
37 408 1 2 4 18
38 408 3 2 4 18
39 408 5 2 1 10
40 408 5 2 1 11
41 408 5 2 1 12
42 408 5 2 3 13
43 408 5 2 3 14
44 408 5 2 3 15
45 408 5 2 4 16
46 408 5 2 4 17
47 408 5 2 4 18
48 408 1 2 5 19
49 408 3 2 5 19
50 408 4 2 5 19
51 408 1 2 5 20
52 408 3 2 5 20
53 408 4 2 5 20
