1 1 80 0.0 -2.725529915700466 0.28420973423988716 0.6220647316192095
2 1 81 0.0 -1.8225129162985727 -0.35896295923522775 -0.4047732281429621
3 1 406 0.0 -0.41900806466976187 0.11288549731668618 -0.21028538043127787
4 1 407 0.0 -0.10365944649760621 0.9266330057851495 0.6946717202799756
5 1 408 0.0 0.6187957320258368 -0.3229875139936919 -1.0214903043391128
6 1 431 0.0 1.9528170212481546 0.09664758442611145 -0.8717083309115309
7 1 80 0.0 2.527682610129614 -0.24609752612092892 0.48446960439059933
8 1 85 0.0 -3.536510357859786 0.8807452118062288 0.16540900641728312
9 1 85 0.0 -3.133506770138512 -0.48443231126981223 1.3280673214003451
10 1 85 0.0 -2.1401865966809694 0.9973210269531799 1.2662302091614197
11 1 85 0.0 -2.203154296060101 -0.09018110233390408 -1.4238435221736645
12 1 85 0.0 -1.9181423991119104 -1.452040157083065 -0.3125904398540612
13 1 85 0.0 2.125505006907526 1.1520839733205162 -1.0866818078716007
14 1 85 0.0 2.54941604075208 -0.5082761340657771 -1.6140982294923767
15 1 85 0.0 3.64717686335797 -0.13850312997772887 0.3876090959438578
16 1 85 0.0 2.231075258958936 0.4501322571793064 1.2757969395244597
17 1 85 0.0 2.3497422296375228 -1.2991774569469572 0.721152614479404
