1 1 715 0.0 -0.7160119749644817 -0.6941099640067077 0.022123754950213185
2 1 715 0.0 -0.5098363520934905 0.8398923628924269 -0.013422181346493459
3 1 714 0.0 0.8977887025252315 1.0216424011117191 -0.08206754808319164
4 1 713 0.0 1.5024988307917515 -0.21239166978519125 -0.08734007798614574
5 1 712 0.0 2.748093920826538 -0.3806887037883157 -0.14136740845125167
6 1 714 0.0 0.5943049544674656 -1.2420417370962524 -0.026621122804942745
7 1 786 0.0 -1.0014672221601573 1.4281424402307075 1.1383339038227172
8 1 718 0.0 -1.222754559292962 -1.0142712124628772 0.9575707810242845
9 1 718 0.0 -1.2982271316839502 -1.0347988911847399 -0.8605244733705507
10 1 788 0.0 -0.9943891684159311 1.2886249740892182 -0.9066856277546425
