# EP molecule
17 atoms
16 bonds
28 angles
29 dihedrals
2 impropers

Coords

14 1.7455497181902513 -0.24350786786921663 -1.8229828343819166
6 1.2274872587433792 -0.9632776266280154 -1.1090882383632992
15 0.4692717177255279 2.611620217280747 -1.4260634518806812
13 1.9225448910449416 -1.2871181027538408 -0.39773627175184645
4 0.9733701709740168 1.3034860392711178 0.7188036992682956
3 0.05128687530690135 0.6521322427577236 0.2830230585320108
12 -2.0685657009308844 0.6614172500350763 -0.18447678721038185
17 1.553653695964178 -2.6212792435113172 -2.581808300986534
16 -0.15824519454956043 -1.9162611708023953 -2.4976675570326057
7 0.7952713006880137 -2.1519388183120975 -1.9599713400126597
5 0.028664035170707702 -0.34576133745935067 -0.597186276244777
8 -2.604751157525372 1.2654491270859531 2.2475225699276655
10 -0.9288893711042396 1.0284309996091143 2.7132011355299883
9 -1.8782571898550633 -0.41108130876197224 2.1380107024916657
1 -1.7223765134529356 0.641202808301979 2.0355959311973524
11 -1.4387161263514299 2.17649470413205 0.4136607453306249
2 -1.378022601134561 1.1027793452484027 0.5650247659031491

Charges

14 0.06
6 0.19
15 0.06
13 0.06
4 -0.43
3 0.51
12 0.06
17 0.06
16 0.06
7 -0.18
5 -0.33
8 0.06
10 0.06
9 0.06
1 -0.18
11 0.06
2 -0.12

Types

14 85
6 431
15 85
13 85
4 407
3 406
12 85
17 85
16 85
7 80
5 408
8 85
10 85
9 85
1 80
11 85
2 81

Bonds

1 113 6 7
2 125 6 13
3 125 6 14
4 34 3 4
5 41 3 5
6 125 7 15
7 125 7 16
8 125 7 17
9 119 5 6
10 113 1 2
11 125 1 8
12 125 1 9
13 125 1 10
14 39 2 3
15 125 2 11
16 125 2 12

Angles

1 205 5 6 7
2 220 13 6 14
3 228 5 6 13
4 228 5 6 14
5 232 7 6 13
6 232 7 6 14
7 50 2 3 4
8 52 2 3 5
9 53 4 3 5
10 220 15 7 16
11 220 15 7 17
12 220 16 7 17
13 232 6 7 15
14 232 6 7 16
15 232 6 7 17
16 398 3 5 6
17 220 8 1 9
18 220 8 1 10
19 220 9 1 10
20 232 2 1 8
21 232 2 1 9
22 232 2 1 10
23 200 1 2 3
24 220 11 2 12
25 224 3 2 11
26 224 3 2 12
27 232 1 2 11
28 232 1 2 12

Dihedrals

1 215 5 6 7 15
2 215 5 6 7 16
3 215 5 6 7 17
4 225 13 6 7 15
5 225 13 6 7 16
6 225 13 6 7 17
7 225 14 6 7 15
8 225 14 6 7 16
9 225 14 6 7 17
10 44 4 3 2 11
11 44 4 3 2 12
12 52 5 3 2 11
13 52 5 3 2 12
14 68 4 3 5 6
15 70 2 3 5 6
16 265 3 5 6 7
17 269 3 5 6 13
18 269 3 5 6 14
19 225 8 1 2 11
20 225 8 1 2 12
21 225 9 1 2 11
22 225 9 1 2 12
23 225 10 1 2 11
24 225 10 1 2 12
25 40 1 2 3 4
26 51 1 2 3 5
27 187 3 2 1 8
28 187 3 2 1 9
29 187 3 2 1 10

Impropers

1 1 2 5 3 4
2 1 4 2 3 5
