# LiPF6 molecule
8 atoms
6 bonds
15 angles
0 dihedrals
0 impropers

Coords

1 2.2990    0.7500    0.0000
2 1.0000    0.0000    0.0000
3 2.2990   -0.7500    0.0000
4 3.5981    0.0000    0.0000
5 2.2990    2.2500    0.000
6 3.5981    1.5000    0.0000
7 1.0000    1.5000    0.0000
8 0.0000    0.0000    0.0000

Charges

1 1.34
2 -0.39
3 -0.39
4 -0.39
5 -0.39
6 -0.39
7 -0.39
8 1

Types

1 726
2 727
3 727
4 727
5 727
6 727
7 727
8 348

Bonds

1   380 1 2
2   380 1 3
3   380 1 4
4   380 1 5
5   380 1 6
6   380 1 7

Angles

1 1019 2 1 5
2 1019 3 1 6
3 1019 4 1 7
4 1018 2 1 3
5 1018 2 1 4
6 1018 2 1 6
7 1018 2 1 7
8 1018 5 1 3
9 1018 5 1 4
10 1018 5 1 6
11 1018 5 1 7
12 1018 3 1 4
13 1018 4 1 6
14 1018 6 1 7
15 1018 7 1 3