LAMMPS data file
# 1 LiPF6

3 atom types
1 bond types
2 angle types
0 dihedral types
0 improper types
8 atoms
6 bonds
15 angles
0 dihedrals
0 impropers


Masses

 1 30.970 # P
 2 19.000 # F
 3 6.940 # Li

Pair Coeffs

 1 0.2000000 3.740 # P # JPCB 2004, 2038
 2 0.0610000 3.118 # F # JPCB 2004, 2038
 3 0.0005000 2.870 # Li # JCTC 2006

Bond Coeffs

1 370.4589 1.606 # JPCB 2004, 16893

Angle Coeffs

1 139.2209 90.00 # JPCB 2004, 16893
2 34.77535 180.00 # JPCB 2004, 16893

Atoms

1 1 1 1.34 2.2990    0.7500    0.0000 # P
2 1 2 -0.39 1.0000    0.0000    0.0000 # F
3 1 2 -0.39 2.2990   -0.7500    0.0000 # F
4 1 2 -0.39 3.5981    0.0000    0.0000 # F
5 1 2 -0.39 2.2990    2.2500    0.0000 # F
6 1 2 -0.39 3.5981    1.5000    0.0000 # F
7 1 2 -0.39 1.0000    1.5000    0.0000 # F
8 1 3 1 0.0000    0.0000    0.0000 # Li

Bonds

1 1 1 2
2 1 1 3
3 1 1 4
4 1 1 5
5 1 1 6
6 1 1 7

Angles

1 2 2 1 5
2 2 3 1 6
3 2 4 1 7
4 1 2 1 3
5 1 2 1 4
6 1 2 1 6
7 1 2 1 7
8 1 5 1 3
9 1 5 1 4
10 1 5 1 6
11 1 5 1 7
12 1 3 1 4
13 1 4 1 6
14 1 6 1 7
15 1 7 1 3