1 1 80 0.0 -1.9395300399912743 0.019414097911500363 -0.5196158019762445
2 1 431 0.0 -1.2148558532170213 -0.4326393538294104 0.7179758486921146
3 1 408 0.0 0.14975181904893967 -0.6784545629223859 0.509426594378417
4 1 406 0.0 1.0210875587345625 0.2879715311245327 0.07019232953779522
5 1 407 0.0 0.5522580964297489 1.4269176087407427 -0.14544529904007816
6 1 80 0.0 2.487133329281154 0.02504489274698542 -0.15418635217039195
7 1 85 0.0 -1.7744022985300896 -0.6345711708059822 -1.391054658846955
8 1 85 0.0 -3.035668499702644 -0.007824609027966162 -0.27414560013182443
9 1 85 0.0 -1.6910224648248038 1.0788981152309203 -0.702637596315739
10 1 410 0.0 -1.4295726221780098 0.2835197409093301 1.5230358987128305
11 1 410 0.0 -1.6732291358955393 -1.4102273723131007 1.0300568662066363
12 1 85 0.0 3.009090512770602 0.6896439479085139 0.5793247952563224
13 1 85 0.0 2.745498329194286 -1.000497498399455 0.09615482771214104
14 1 85 0.0 2.7934612688800735 0.3528046327257779 -1.152932602057018
