# DMC molecule
12 atoms
11 bonds
16 angles
8 dihedrals
2 impropers

Coords

3 0.04640102617647468 -0.2000266458019686 -0.1524957520700143
7 -2.398649494173503 -0.021636864170838876 -1.3265509831726083
4 0.26651809036607244 -0.2870108968306462 -1.3483945892287053
10 2.8791503754391776 -0.16230065942766325 -0.11682791990843633
5 0.973311642956773 -0.007676466511281177 0.8097094642651363
9 -3.000397662408913 -0.7192609707487683 0.2322067986574723
2 -1.1576672257040186 -0.1916685143899115 0.49584009248688954
1 -2.3953870862228497 0.05513594544922018 -0.19368088863461885
12 2.1497456848861294 1.4472162881786987 -0.09137435442293107
11 2.8136853184641364 0.7921969727463907 1.342942575377398
6 2.2641398022281543 0.533011277330913 0.4920727619715164
8 -2.8561400865245017 0.9769823653986647 0.1158172173055192

Charges

3 0.86
7 0.06
4 -0.5
10 0.06
5 -0.45
9 0.06
2 -0.45
1 -0.18
12 0.06
11 0.06
6 -0.18
8 0.06

Types

3 713
7 85
4 712
10 85
5 714
9 85
2 714
1 80
12 85
11 85
6 80
8 85

Bonds

1 34 3 4
2 41 3 5
3 119 5 6
4 41 2 3
5 119 1 2
6 125 1 7
7 125 1 8
8 125 1 9
9 125 6 10
10 125 6 11
11 125 6 12

Angles

1 53 2 3 4
2 53 4 3 5
3 398 3 5 6
4 398 1 2 3
5 220 7 1 8
6 220 7 1 9
7 220 8 1 9
8 228 2 1 7
9 228 2 1 8
10 228 2 1 9
11 220 10 6 11
12 220 10 6 12
13 220 11 6 12
14 228 5 6 10
15 228 5 6 11
16 228 5 6 12

Dihedrals

1 68 4 3 5 6
2 269 3 5 6 10
3 269 3 5 6 11
4 269 3 5 6 12
5 68 1 2 3 4
6 269 3 2 1 7
7 269 3 2 1 8
8 269 3 2 1 9

Impropers

1 1 2 5 3 4
2 1 4 2 3 5
