# VC molecule
8 atoms
8 bonds
8 angles
4 dihedrals
8 impropers

Coords

4 -0.2315716260020868 -0.292703564460866 -0.3451714144491467
5 -0.5525256806154357 -0.6902952883861126 -1.4628878487195487
6 0.7542941123704083 -1.0585690696644423 0.37427494247996673
3 -0.7647128564844909 0.8767108178591045 0.11683582183300567
8 0.648876605113827 2.143911096811483 1.011878349474848
2 0.49610241347491346 1.1271147029451338 0.6722919692680116
7 2.361523919419929 0.24146504757390774 1.1468156390712365
1 1.352817468219215 0.11416403124406216 0.7631736349839051

Charges

4 0.86
5 -0.5
6 -0.45
3 -0.45
8 0.115
2 -0.03
7 0.115
1 -0.03

Types

4 713
5 712
6 714
3 714
8 89
2 458
7 89
1 458

Bonds

1 34 4 5
2 41 4 6
3 41 3 4
4 187 2 3
5 253 2 8
6 261 1 2
7 187 1 6
8 253 1 7

Angles

1 53 3 4 5
2 53 5 4 6
3 520 3 2 8
4 528 1 2 8
5 530 1 2 3
6 520 6 1 7
7 528 2 1 7
8 530 2 1 6

Dihedrals

1 522 3 2 1 6
2 533 3 2 1 7
3 533 6 1 2 8
4 536 7 1 2 8

Impropers

1 1 3 6 4 5
2 4 2 6 1 7
3 1 5 3 4 6
4 4 1 3 2 8
5 4 1 8 2 3
6 4 6 2 1 7
7 4 2 7 1 6
8 4 3 1 2 8
