# DEC molecule
18 atoms
17 bonds
28 angles
26 dihedrals
2 impropers

Coords

12 2.398069577109812 -1.0745952665525706 -0.6116938190043668
1 1.3552475846882803 -1.7865805992224335 -2.291307737791194
2 1.4733555280896722 -1.6704777925007863 -0.7821143195221554
10 2.3404243534935034 -1.9071709976015911 -2.801851611768141
3 0.33364976930591883 -0.9509749160898022 -0.5071367704940819
13 1.3930317766037144 -2.6191983376645878 -0.24071794903540233
11 0.7587522975622711 -2.6313172631453163 -2.4709604227582664
9 0.834977380054224 -0.9400709393442026 -2.733357753207849
4 0.27699801991885487 -0.03542492257047858 0.46901532273577606
18 -2.0277729731945193 -2.3865712738241394 0.9536805344200872
16 -2.6032780895700642 2.298869710015394 -0.40427982712382304
17 -0.8199477667783861 2.6062907683480203 -0.0510087553390588
8 -1.8261443864342473 2.456074374524272 0.39305951411448614
5 1.1653820515121236 0.6091836528347581 1.0293568640086406
6 -1.0984665122389277 0.18017559852512344 0.5300453812697432
7 -1.559441449236174 1.292885714110736 1.3862616765187
15 -0.8414546781083607 1.6282798601752582 2.1367119009479003
14 -2.492491623549324 1.0303371976208364 1.8514105774830814

Charges

12 0.03
1 -0.1
2 0.21
10 0.06
3 -0.45
13 0.03
11 0.06
9 0.06
4 0.86
18 0.06
16 0.06
17 0.06
8 -0.1
5 -0.5
6 -0.45
7 0.21
15 0.03
14 0.03

Types

12 718
1 717
2 715
10 720
3 714
13 718
11 720
9 720
4 713
18 720
16 720
17 720
8 717
5 712
6 714
7 715
15 718
14 718

Bonds

1 113 1 2
2 125 1 9
3 125 1 10
4 125 1 11
5 119 2 3
6 125 2 12
7 125 2 13
8 41 3 4
9 34 4 5
10 41 4 6
11 125 8 16
12 125 8 17
13 125 8 18
14 119 6 7
15 113 7 8
16 125 7 14
17 125 7 15

Angles

1 220 9 1 10
2 220 9 1 11
3 220 10 1 11
4 232 2 1 9
5 232 2 1 10
6 232 2 1 11
7 205 1 2 3
8 220 12 2 13
9 228 3 2 12
10 228 3 2 13
11 232 1 2 12
12 232 1 2 13
13 398 2 3 4
14 53 3 4 5
15 53 5 4 6
16 220 16 8 17
17 220 16 8 18
18 220 17 8 18
19 232 7 8 16
20 232 7 8 17
21 232 7 8 18
22 398 4 6 7
23 205 6 7 8
24 220 14 7 15
25 228 6 7 14
26 228 6 7 15
27 232 8 7 14
28 232 8 7 15

Dihedrals

1 225 9 1 2 12
2 225 9 1 2 13
3 225 10 1 2 12
4 225 10 1 2 13
5 225 11 1 2 12
6 225 11 1 2 13
7 215 3 2 1 9
8 215 3 2 1 10
9 215 3 2 1 11
10 265 1 2 3 4
11 68 2 3 4 5
12 269 4 3 2 12
13 269 4 3 2 13
14 68 5 4 6 7
15 265 4 6 7 8
16 269 4 6 7 14
17 269 4 6 7 15
18 215 6 7 8 16
19 215 6 7 8 17
20 215 6 7 8 18
21 225 14 7 8 16
22 225 15 7 8 16
23 225 14 7 8 17
24 225 15 7 8 17
25 225 14 7 8 18
26 225 15 7 8 18

Impropers

1 1 5 3 4 6
2 1 3 6 4 5
