# DTD molecule
11 atoms
11 bonds
20 angles
21 dihedrals
0 impropers

Coords

1 -1.3464765894341963 -1.0030025390046995 -0.9376113279618501
8 -2.392758075087581 -0.8098713191206612 -1.028343082525986
9 -1.1084541101773153 -1.7249972069694164 -1.7396735965657255
2 -0.9404002855461759 -1.552026774390718 0.44260500419738236
3 0.5632643718683203 -1.2671109408985985 0.5937689565621591
11 -1.1757860992983198 -2.6528937236521153 0.4560925764404167
10 -1.521511590521489 -1.1291543326180626 1.2311196689297979
7 -0.6885968041038555 0.3333687413388815 -1.2188668002934004
6 1.8376201047172 0.6339260579069261 -0.6119956748006747
5 0.10860716531176218 1.171608133303558 1.1300983943592846
4 0.5484541347449405 0.3667186072988784 0.004291365292868665

Charges

1 0.14
8 0.06
9 0.06
2 0.14
3 0.19
11 0.06
10 0.06
7 0.19
6 -0.68
5 -0.68
4 1.48

Types

1 124
8 85
9 85
2 124
3 431
11 85
10 85
7 431
6 416
5 416
4 415

Bonds

1 113 1 2
2 113 1 7
3 125 1 8
4 125 1 9
5 113 2 3
6 125 2 10
7 125 2 11
8 138 3 4
9 208 4 5
10 208 4 6
11 138 4 7

Angles

1 199 2 1 7
2 220 8 1 9
3 232 2 1 8
4 232 2 1 9
5 232 7 1 8
6 232 7 1 9
7 199 1 2 3
8 220 10 2 11
9 232 1 2 10
10 232 1 2 11
11 232 3 2 10
12 232 3 2 11
13 277 2 3 4
14 277 1 7 4
15 811 3 4 7
16 814 3 4 5
17 814 3 4 6
18 814 5 4 7
19 814 6 4 7
20 815 5 4 6

Dihedrals

1 203 7 1 2 10
2 203 7 1 2 11
3 208 2 1 7 4
4 225 8 1 2 10
5 225 8 1 2 11
6 225 9 1 2 10
7 225 9 1 2 11
8 196 3 2 1 7
9 203 3 2 1 8
10 203 3 2 1 9
11 208 1 2 3 4
12 235 4 3 2 10
13 235 4 3 2 11
14 357 2 3 4 7
15 358 2 3 4 5
16 358 2 3 4 6
17 235 4 7 1 8
18 235 4 7 1 9
19 357 1 7 4 3
20 358 1 7 4 5
21 358 1 7 4 6
