1 1 717 0.0 -1.5850339900917312 -0.2859476143586543 0.27053554592933704
2 1 716 0.0 -0.2461732726862291 -0.3324063203390255 -0.46266120005750905
3 1 715 0.0 0.4935267028117428 1.034548261920455 -0.4346555824407565
4 1 714 0.0 1.7296029463601044 0.7686573878075261 0.21424394720708614
5 1 713 0.0 1.7724568230558342 -0.5604096908197418 0.5615427205618964
6 1 712 0.0 2.742943399706717 -1.096759439972347 1.1558096299700196
7 1 714 0.0 0.6356347013642243 -1.2377728352409896 0.18983704312232155
8 1 720 0.0 -1.4367758976115337 0.014505139731094737 1.3299321042413317
9 1 720 0.0 -2.263751295955674 0.4408964223757766 -0.22405298570933627
10 1 720 0.0 -2.0599017866341 -1.2894234341240771 0.24621875621078484
11 1 719 0.0 -0.40370159750319645 -0.6635825817579218 -1.5123833652845997
12 1 718 0.0 0.6854479700717016 1.3968973575907804 -1.4671404352505297
13 1 718 0.0 -0.06427470288789983 1.8107973471871408 0.13277382149995304
