# PC molecule
13 atoms
13 bonds
22 angles
26 dihedrals
2 impropers

Coords

10 -2.1781759155843012 -0.41396989730207423 -0.005331141895270619
8 -1.5585287246924437 -0.3130211257879605 -1.5820383672120872
1 -1.252602533256809 -0.5831831063820463 -0.5214796381994429
9 -1.1029634529932615 -1.6802501750611363 -0.4683922438737316
6 3.1453899494548843 -0.461102532099261 -0.1982858640382421
12 -0.14334126385538148 -0.08305188756241932 2.4399351132827203
5 2.0162999196990405 -0.28810301992238685 0.15048581844902387
13 -0.08385080491038188 -1.548881619316095 1.4227967918412858
4 1.6041210951850804 -0.37791427616028095 1.4176127091844872
3 0.18947439838234992 -0.4859442506504461 1.5026583167867873
7 0.9925171467111102 0.048338505751761573 -0.6368721601672007
11 -0.4518218252252897 1.2024367381124996 0.3200846487314468
2 -0.17323017245228556 0.1950048858820157 0.13307043013864828

Charges

10 0.06
8 0.06
1 -0.1
9 0.06
6 -0.5
12 0.03
5 0.86
13 0.03
4 -0.45
3 0.21
7 -0.45
11 0.03
2 0.16

Types

10 720
8 720
1 717
9 720
6 712
12 718
5 713
13 718
4 714
3 715
7 714
11 719
2 716

Bonds

1 113 1 2
2 125 1 8
3 125 1 9
4 125 1 10
5 34 5 6
6 41 5 7
7 41 4 5
8 119 3 4
9 125 3 12
10 125 3 13
11 113 2 3
12 119 2 7
13 125 2 11

Angles

1 220 8 1 9
2 220 8 1 10
3 220 9 1 10
4 232 2 1 8
5 232 2 1 9
6 232 2 1 10
7 53 4 5 6
8 53 6 5 7
9 398 3 4 5
10 205 2 3 4
11 220 12 3 13
12 228 4 3 12
13 228 4 3 13
14 232 2 3 12
15 232 2 3 13
16 398 2 7 5
17 199 1 2 3
18 205 1 2 7
19 205 3 2 7
20 228 7 2 11
21 232 1 2 11
22 232 3 2 11

Dihedrals

1 225 8 1 2 11
2 225 9 1 2 11
3 225 10 1 2 11
4 68 3 4 5 6
5 269 5 4 3 12
6 269 5 4 3 13
7 214 4 3 2 7
8 215 4 3 2 11
9 265 2 3 4 5
10 68 2 7 5 6
11 269 5 7 2 11
12 203 1 2 3 12
13 203 1 2 3 13
14 203 3 2 1 8
15 203 3 2 1 9
16 203 3 2 1 10
17 215 7 2 1 8
18 215 7 2 1 9
19 215 7 2 1 10
20 215 7 2 3 12
21 215 7 2 3 13
22 225 11 2 3 12
23 225 11 2 3 13
24 265 1 2 7 5
25 265 3 2 7 5
26 799 1 2 3 4

Impropers

1 1 6 4 5 7
2 1 4 7 5 6
