1 40 1 2 4 5
2 40 16 17 19 20
3 40 1 17 19 20
4 40 31 32 34 35
5 40 16 32 34 35
6 40 46 47 49 50
7 40 31 47 49 50
8 40 61 62 64 65
9 40 46 62 64 65
10 40 76 77 79 80
11 40 61 77 79 80
12 40 91 92 94 95
13 40 76 92 94 95
14 40 106 107 109 110
15 40 91 107 109 110
16 40 3 2 4 5
17 40 5 4 2 121
18 40 18 17 19 20
19 40 33 32 34 35
20 40 48 47 49 50
21 40 63 62 64 65
22 40 78 77 79 80
23 40 93 92 94 95
24 40 108 107 109 110
25 40 121 122 124 125
26 40 123 122 124 125
27 40 136 137 139 140
28 40 138 137 139 140
29 40 106 137 139 140
30 51 1 2 4 6
31 51 16 17 19 21
32 51 1 17 19 21
33 51 31 32 34 36
34 51 16 32 34 36
35 51 46 47 49 51
36 51 31 47 49 51
37 51 61 62 64 66
38 51 46 62 64 66
39 51 76 77 79 81
40 51 61 77 79 81
41 51 91 92 94 96
42 51 76 92 94 96
43 51 106 107 109 111
44 51 91 107 109 111
45 51 3 2 4 6
46 51 6 4 2 121
47 51 18 17 19 21
48 51 33 32 34 36
49 51 48 47 49 51
50 51 63 62 64 66
51 51 78 77 79 81
52 51 93 92 94 96
53 51 108 107 109 111
54 51 121 122 124 126
55 51 123 122 124 126
56 51 136 137 139 141
57 51 138 137 139 141
58 51 106 137 139 141
59 68 5 4 6 7
60 68 20 19 21 22
61 68 35 34 36 37
62 68 50 49 51 52
63 68 65 64 66 67
64 68 80 79 81 82
65 68 95 94 96 97
66 68 110 109 111 112
67 68 125 124 126 127
68 68 140 139 141 142
69 70 2 4 6 7
70 70 17 19 21 22
71 70 32 34 36 37
72 70 47 49 51 52
73 70 62 64 66 67
74 70 77 79 81 82
75 70 92 94 96 97
76 70 107 109 111 112
77 70 122 124 126 127
78 70 137 139 141 142
79 183 4 2 1 17
80 183 19 17 16 32
81 183 2 1 17 19
82 183 34 32 31 47
83 183 17 16 32 34
84 183 49 47 46 62
85 183 32 31 47 49
86 183 64 62 61 77
87 183 47 46 62 64
88 183 79 77 76 92
89 183 62 61 77 79
90 183 94 92 91 107
91 183 77 76 92 94
92 183 92 91 107 109
93 183 4 2 121 122
94 183 109 107 106 137
95 183 2 121 122 124
96 183 107 106 137 139
97 187 4 2 1 8
98 187 4 2 1 9
99 187 19 17 16 23
100 187 19 17 16 24
101 187 8 1 17 19
102 187 9 1 17 19
103 187 34 32 31 38
104 187 34 32 31 39
105 187 23 16 32 34
106 187 24 16 32 34
107 187 49 47 46 53
108 187 49 47 46 54
109 187 38 31 47 49
110 187 39 31 47 49
111 187 64 62 61 68
112 187 64 62 61 69
113 187 53 46 62 64
114 187 54 46 62 64
115 187 79 77 76 83
116 187 79 77 76 84
117 187 68 61 77 79
118 187 69 61 77 79
119 187 94 92 91 98
120 187 94 92 91 99
121 187 83 76 92 94
122 187 84 76 92 94
123 187 109 107 106 113
124 187 109 107 106 114
125 187 98 91 107 109
126 187 99 91 107 109
127 187 4 2 3 10
128 187 4 2 3 11
129 187 4 2 3 12
130 187 19 17 18 25
131 187 19 17 18 26
132 187 19 17 18 27
133 187 34 32 33 40
134 187 34 32 33 41
135 187 34 32 33 42
136 187 49 47 48 55
137 187 49 47 48 56
138 187 49 47 48 57
139 187 64 62 63 70
140 187 64 62 63 71
141 187 64 62 63 72
142 187 79 77 78 85
143 187 79 77 78 86
144 187 79 77 78 87
145 187 94 92 93 100
146 187 94 92 93 101
147 187 94 92 93 102
148 187 109 107 108 115
149 187 109 107 108 116
150 187 109 107 108 117
151 187 4 2 121 128
152 187 4 2 121 129
153 187 124 122 121 128
154 187 124 122 121 129
155 187 139 137 136 143
156 187 139 137 136 144
157 187 124 122 123 130
158 187 124 122 123 131
159 187 124 122 123 132
160 187 139 137 138 145
161 187 139 137 138 146
162 187 139 137 138 147
163 187 113 106 137 139
164 187 114 106 137 139
165 196 1 2 121 122
166 196 1 17 16 32
167 196 2 1 17 16
168 196 16 32 31 47
169 196 17 16 32 31
170 196 31 47 46 62
171 196 32 31 47 46
172 196 46 62 61 77
173 196 47 46 62 61
174 196 61 77 76 92
175 196 62 61 77 76
176 196 76 92 91 107
177 196 77 76 92 91
178 196 92 91 107 106
179 196 2 1 17 18
180 196 17 16 32 33
181 196 3 2 1 17
182 196 17 1 2 121
183 196 32 31 47 48
184 196 18 17 16 32
185 196 47 46 62 63
186 196 33 32 31 47
187 196 62 61 77 78
188 196 48 47 46 62
189 196 77 76 92 93
190 196 63 62 61 77
191 196 92 91 107 108
192 196 78 77 76 92
193 196 93 92 91 107
194 196 2 121 122 123
195 196 3 2 121 122
196 196 91 107 106 137
197 196 107 106 137 136
198 196 107 106 137 138
199 196 108 107 106 137
200 203 1 2 3 10
201 203 1 2 3 11
202 203 1 2 3 12
203 203 1 17 18 25
204 203 1 17 18 26
205 203 1 17 18 27
206 203 16 17 18 25
207 203 16 17 18 26
208 203 16 17 18 27
209 203 16 32 33 40
210 203 16 32 33 41
211 203 16 32 33 42
212 203 31 32 33 40
213 203 31 32 33 41
214 203 31 32 33 42
215 203 31 47 48 55
216 203 31 47 48 56
217 203 31 47 48 57
218 203 46 47 48 55
219 203 46 47 48 56
220 203 46 47 48 57
221 203 46 62 63 70
222 203 46 62 63 71
223 203 46 62 63 72
224 203 61 62 63 70
225 203 61 62 63 71
226 203 61 62 63 72
227 203 61 77 78 85
228 203 61 77 78 86
229 203 61 77 78 87
230 203 76 77 78 85
231 203 76 77 78 86
232 203 76 77 78 87
233 203 76 92 93 100
234 203 76 92 93 101
235 203 76 92 93 102
236 203 91 92 93 100
237 203 91 92 93 101
238 203 91 92 93 102
239 203 91 107 108 115
240 203 91 107 108 116
241 203 91 107 108 117
242 203 106 107 108 115
243 203 106 107 108 116
244 203 106 107 108 117
245 203 1 2 121 128
246 203 1 2 121 129
247 203 1 17 16 23
248 203 1 17 16 24
249 203 8 1 17 16
250 203 9 1 17 16
251 203 16 32 31 38
252 203 16 32 31 39
253 203 23 16 32 31
254 203 24 16 32 31
255 203 31 47 46 53
256 203 31 47 46 54
257 203 38 31 47 46
258 203 39 31 47 46
259 203 46 62 61 68
260 203 46 62 61 69
261 203 53 46 62 61
262 203 54 46 62 61
263 203 61 77 76 83
264 203 61 77 76 84
265 203 68 61 77 76
266 203 69 61 77 76
267 203 76 92 91 98
268 203 76 92 91 99
269 203 83 76 92 91
270 203 84 76 92 91
271 203 91 107 106 113
272 203 91 107 106 114
273 203 98 91 107 106
274 203 99 91 107 106
275 203 3 2 1 8
276 203 3 2 1 9
277 203 18 17 16 23
278 203 18 17 16 24
279 203 8 1 17 18
280 203 9 1 17 18
281 203 33 32 31 38
282 203 33 32 31 39
283 203 23 16 32 33
284 203 24 16 32 33
285 203 48 47 46 53
286 203 48 47 46 54
287 203 38 31 47 48
288 203 39 31 47 48
289 203 63 62 61 68
290 203 63 62 61 69
291 203 53 46 62 63
292 203 54 46 62 63
293 203 78 77 76 83
294 203 78 77 76 84
295 203 68 61 77 78
296 203 69 61 77 78
297 203 93 92 91 98
298 203 93 92 91 99
299 203 83 76 92 93
300 203 84 76 92 93
301 203 108 107 106 113
302 203 108 107 106 114
303 203 98 91 107 108
304 203 99 91 107 108
305 203 8 1 2 121
306 203 9 1 2 121
307 203 3 2 121 128
308 203 3 2 121 129
309 203 106 137 136 143
310 203 106 137 136 144
311 203 106 137 138 145
312 203 106 137 138 146
313 203 106 137 138 147
314 203 121 122 123 130
315 203 121 122 123 131
316 203 121 122 123 132
317 203 136 137 138 145
318 203 136 137 138 146
319 203 136 137 138 147
320 203 10 3 2 121
321 203 11 3 2 121
322 203 12 3 2 121
323 203 123 122 121 128
324 203 123 122 121 129
325 203 138 137 136 143
326 203 138 137 136 144
327 203 113 106 137 136
328 203 114 106 137 136
329 203 113 106 137 138
330 203 114 106 137 138
331 269 4 6 7 13
332 269 4 6 7 14
333 269 4 6 7 15
334 269 19 21 22 28
335 269 19 21 22 29
336 269 19 21 22 30
337 269 34 36 37 43
338 269 34 36 37 44
339 269 34 36 37 45
340 269 49 51 52 58
341 269 49 51 52 59
342 269 49 51 52 60
343 269 64 66 67 73
344 269 64 66 67 74
345 269 64 66 67 75
346 269 79 81 82 88
347 269 79 81 82 89
348 269 79 81 82 90
349 269 94 96 97 103
350 269 94 96 97 104
351 269 94 96 97 105
352 269 109 111 112 118
353 269 109 111 112 119
354 269 109 111 112 120
355 269 124 126 127 133
356 269 124 126 127 134
357 269 124 126 127 135
358 269 139 141 142 148
359 269 139 141 142 149
360 269 139 141 142 150
