1 113 1 2
2 113 2 3
3 39 2 4
4 34 4 5
5 41 4 6
6 119 6 7
7 125 1 8
8 125 1 9
9 125 3 10
10 125 3 11
11 125 3 12
12 125 7 13
13 125 7 14
14 125 7 15
15 113 16 17
16 113 17 18
17 39 17 19
18 34 19 20
19 41 19 21
20 119 21 22
21 125 16 23
22 125 16 24
23 125 18 25
24 125 18 26
25 125 18 27
26 125 22 28
27 125 22 29
28 125 22 30
29 113 31 32
30 113 32 33
31 39 32 34
32 34 34 35
33 41 34 36
34 119 36 37
35 125 31 38
36 125 31 39
37 125 33 40
38 125 33 41
39 125 33 42
40 125 37 43
41 125 37 44
42 125 37 45
43 113 46 47
44 113 47 48
45 39 47 49
46 34 49 50
47 41 49 51
48 119 51 52
49 125 46 53
50 125 46 54
51 125 48 55
52 125 48 56
53 125 48 57
54 125 52 58
55 125 52 59
56 125 52 60
57 113 61 62
58 113 62 63
59 39 62 64
60 34 64 65
61 41 64 66
62 119 66 67
63 125 61 68
64 125 61 69
65 125 63 70
66 125 63 71
67 125 63 72
68 125 67 73
69 125 67 74
70 125 67 75
71 113 76 77
72 113 77 78
73 39 77 79
74 34 79 80
75 41 79 81
76 119 81 82
77 125 76 83
78 125 76 84
79 125 78 85
80 125 78 86
81 125 78 87
82 125 82 88
83 125 82 89
84 125 82 90
85 113 91 92
86 113 92 93
87 39 92 94
88 34 94 95
89 41 94 96
90 119 96 97
91 125 91 98
92 125 91 99
93 125 93 100
94 125 93 101
95 125 93 102
96 125 97 103
97 125 97 104
98 125 97 105
99 113 106 107
100 113 107 108
101 39 107 109
102 34 109 110
103 41 109 111
104 119 111 112
105 125 106 113
106 125 106 114
107 125 108 115
108 125 108 116
109 125 108 117
110 125 112 118
111 125 112 119
112 125 112 120
113 113 121 122
114 113 122 123
115 39 122 124
116 34 124 125
117 41 124 126
118 119 126 127
119 125 121 128
120 125 121 129
121 125 123 130
122 125 123 131
123 125 123 132
124 125 127 133
125 125 127 134
126 125 127 135
127 113 136 137
128 113 137 138
129 39 137 139
130 34 139 140
131 41 139 141
132 119 141 142
133 125 136 143
134 125 136 144
135 125 138 145
136 125 138 146
137 125 138 147
138 125 142 148
139 125 142 149
140 125 142 150
141 113 2 121
142 113 1 17
143 113 16 32
144 113 31 47
145 113 46 62
146 113 61 77
147 113 76 92
148 113 91 107
149 113 106 137
