        1    1    2
        2    2    3
        3    2    4
        4    4    5
        5    4    6
        6    6    7
        7    1    8
        8    1    9
        9    3    10
        10    3    11
        11    3    12
        12    7    13
        13    7    14
        14    7    15
        15    16    17
        16    17    18
        17    17    19
        18    19    20
        19    19    21
        20    21    22
        21    16    23
        22    16    24
        23    18    25
        24    18    26
        25    18    27
        26    22    28
        27    22    29
        28    22    30
        29    31    32
        30    32    33
        31    32    34
        32    34    35
        33    34    36
        34    36    37
        35    31    38
        36    31    39
        37    33    40
        38    33    41
        39    33    42
        40    37    43
        41    37    44
        42    37    45
        43    46    47
        44    47    48
        45    47    49
        46    49    50
        47    49    51
        48    51    52
        49    46    53
        50    46    54
        51    48    55
        52    48    56
        53    48    57
        54    52    58
        55    52    59
        56    52    60
        57    61    62
        58    62    63
        59    62    64
        60    64    65
        61    64    66
        62    66    67
        63    61    68
        64    61    69
        65    63    70
        66    63    71
        67    63    72
        68    67    73
        69    67    74
        70    67    75
        71    76    77
        72    77    78
        73    77    79
        74    79    80
        75    79    81
        76    81    82
        77    76    83
        78    76    84
        79    78    85
        80    78    86
        81    78    87
        82    82    88
        83    82    89
        84    82    90
        85    91    92
        86    92    93
        87    92    94
        88    94    95
        89    94    96
        90    96    97
        91    91    98
        92    91    99
        93    93    100
        94    93    101
        95    93    102
        96    97    103
        97    97    104
        98    97    105
        99    106    107
        100    107    108
        101    107    109
        102    109    110
        103    109    111
        104    111    112
        105    106    113
        106    106    114
        107    108    115
        108    108    116
        109    108    117
        110    112    118
        111    112    119
        112    112    120
        113    121    122
        114    122    123
        115    122    124
        116    124    125
        117    124    126
        118    126    127
        119    121    128
        120    121    129
        121    123    130
        122    123    131
        123    123    132
        124    127    133
        125    127    134
        126    127    135
        127    136    137
        128    137    138
        129    137    139
        130    139    140
        131    139    141
        132    141    142
        133    136    143
        134    136    144
        135    138    145
        136    138    146
        137    138    147
        138    142    148
        139    142    149
        140    142    150
    141 121 2
    142 1 17
    143 16 32
    144 31 47
    145 46 62
    146 61 77
    147 76 92
    148 91 107
    149 106 137
