1 50 2 4 5
2 50 17 19 20
3 50 32 34 35
4 50 47 49 50
5 50 62 64 65
6 50 77 79 80
7 50 92 94 95
8 50 107 109 110
9 50 122 124 125
10 50 137 139 140
11 52 2 4 6
12 52 17 19 21
13 52 32 34 36
14 52 47 49 51
15 52 62 64 66
16 52 77 79 81
17 52 92 94 96
18 52 107 109 111
19 52 122 124 126
20 52 137 139 141
21 53 5 4 6
22 53 20 19 21
23 53 35 34 36
24 53 50 49 51
25 53 65 64 66
26 53 80 79 81
27 53 95 94 96
28 53 110 109 111
29 53 125 124 126
30 53 140 139 141
31 199 1 2 3
32 199 1 2 121
33 199 1 17 18
34 199 16 17 18
35 199 16 32 33
36 199 31 32 33
37 199 31 47 48
38 199 46 47 48
39 199 46 62 63
40 199 61 62 63
41 199 61 77 78
42 199 76 77 78
43 199 76 92 93
44 199 91 92 93
45 199 91 107 108
46 199 106 107 108
47 199 1 17 16
48 199 16 32 31
49 199 31 47 46
50 199 46 62 61
51 199 61 77 76
52 199 76 92 91
53 199 91 107 106
54 199 2 1 17
55 199 17 16 32
56 199 32 31 47
57 199 47 46 62
58 199 62 61 77
59 199 77 76 92
60 199 92 91 107
61 199 2 121 122
62 199 3 2 121
63 199 106 137 136
64 199 106 137 138
65 199 107 106 137
66 199 121 122 123
67 199 136 137 138
68 200 1 2 4
69 200 16 17 19
70 200 1 17 19
71 200 31 32 34
72 200 16 32 34
73 200 46 47 49
74 200 31 47 49
75 200 61 62 64
76 200 46 62 64
77 200 76 77 79
78 200 61 77 79
79 200 91 92 94
80 200 76 92 94
81 200 106 107 109
82 200 91 107 109
83 200 3 2 4
84 200 4 2 121
85 200 18 17 19
86 200 33 32 34
87 200 48 47 49
88 200 63 62 64
89 200 78 77 79
90 200 93 92 94
91 200 108 107 109
92 200 121 122 124
93 200 123 122 124
94 200 136 137 139
95 200 138 137 139
96 200 106 137 139
97 220 8 1 9
98 220 23 16 24
99 220 38 31 39
100 220 53 46 54
101 220 68 61 69
102 220 83 76 84
103 220 98 91 99
104 220 113 106 114
105 220 10 3 11
106 220 10 3 12
107 220 11 3 12
108 220 25 18 26
109 220 25 18 27
110 220 26 18 27
111 220 40 33 41
112 220 40 33 42
113 220 41 33 42
114 220 55 48 56
115 220 55 48 57
116 220 56 48 57
117 220 70 63 71
118 220 70 63 72
119 220 71 63 72
120 220 85 78 86
121 220 85 78 87
122 220 86 78 87
123 220 100 93 101
124 220 100 93 102
125 220 101 93 102
126 220 115 108 116
127 220 115 108 117
128 220 116 108 117
129 220 130 123 131
130 220 130 123 132
131 220 131 123 132
132 220 145 138 146
133 220 145 138 147
134 220 146 138 147
135 220 13 7 14
136 220 13 7 15
137 220 14 7 15
138 220 28 22 29
139 220 28 22 30
140 220 29 22 30
141 220 43 37 44
142 220 43 37 45
143 220 44 37 45
144 220 58 52 59
145 220 58 52 60
146 220 59 52 60
147 220 73 67 74
148 220 73 67 75
149 220 74 67 75
150 220 88 82 89
151 220 88 82 90
152 220 89 82 90
153 220 103 97 104
154 220 103 97 105
155 220 104 97 105
156 220 118 112 119
157 220 118 112 120
158 220 119 112 120
159 220 133 127 134
160 220 133 127 135
161 220 134 127 135
162 220 148 142 149
163 220 148 142 150
164 220 149 142 150
165 220 128 121 129
166 220 143 136 144
167 228 6 7 13
168 228 6 7 14
169 228 6 7 15
170 228 21 22 28
171 228 21 22 29
172 228 21 22 30
173 228 36 37 43
174 228 36 37 44
175 228 36 37 45
176 228 51 52 58
177 228 51 52 59
178 228 51 52 60
179 228 66 67 73
180 228 66 67 74
181 228 66 67 75
182 228 81 82 88
183 228 81 82 89
184 228 81 82 90
185 228 96 97 103
186 228 96 97 104
187 228 96 97 105
188 228 111 112 118
189 228 111 112 119
190 228 111 112 120
191 228 126 127 133
192 228 126 127 134
193 228 126 127 135
194 228 141 142 148
195 228 141 142 149
196 228 141 142 150
197 232 2 1 8
198 232 2 1 9
199 232 17 16 23
200 232 17 16 24
201 232 8 1 17
202 232 9 1 17
203 232 32 31 38
204 232 32 31 39
205 232 23 16 32
206 232 24 16 32
207 232 47 46 53
208 232 47 46 54
209 232 38 31 47
210 232 39 31 47
211 232 62 61 68
212 232 62 61 69
213 232 53 46 62
214 232 54 46 62
215 232 77 76 83
216 232 77 76 84
217 232 68 61 77
218 232 69 61 77
219 232 92 91 98
220 232 92 91 99
221 232 83 76 92
222 232 84 76 92
223 232 107 106 113
224 232 107 106 114
225 232 98 91 107
226 232 99 91 107
227 232 2 3 10
228 232 2 3 11
229 232 2 3 12
230 232 17 18 25
231 232 17 18 26
232 232 17 18 27
233 232 32 33 40
234 232 32 33 41
235 232 32 33 42
236 232 47 48 55
237 232 47 48 56
238 232 47 48 57
239 232 62 63 70
240 232 62 63 71
241 232 62 63 72
242 232 77 78 85
243 232 77 78 86
244 232 77 78 87
245 232 92 93 100
246 232 92 93 101
247 232 92 93 102
248 232 107 108 115
249 232 107 108 116
250 232 107 108 117
251 232 2 121 128
252 232 2 121 129
253 232 122 121 128
254 232 122 121 129
255 232 137 136 143
256 232 137 136 144
257 232 122 123 130
258 232 122 123 131
259 232 122 123 132
260 232 137 138 145
261 232 137 138 146
262 232 137 138 147
263 232 113 106 137
264 232 114 106 137
265 398 4 6 7
266 398 19 21 22
267 398 34 36 37
268 398 49 51 52
269 398 64 66 67
270 398 79 81 82
271 398 94 96 97
272 398 109 111 112
273 398 124 126 127
274 398 139 141 142
