1 40 1 2 4 5
2 40 16 17 19 20
3 40 1 17 19 20
4 40 31 32 34 35
5 40 16 32 34 35
6 40 46 47 49 50
7 40 31 47 49 50
8 40 61 62 64 65
9 40 46 62 64 65
10 40 76 77 79 80
11 40 61 77 79 80
12 40 91 92 94 95
13 40 76 92 94 95
14 40 106 107 109 110
15 40 91 107 109 110
16 40 121 122 124 125
17 40 106 122 124 125
18 40 136 137 139 140
19 40 121 137 139 140
20 40 151 152 154 155
21 40 136 152 154 155
22 40 166 167 169 170
23 40 151 167 169 170
24 40 181 182 184 185
25 40 166 182 184 185
26 40 196 197 199 200
27 40 181 197 199 200
28 40 211 212 214 215
29 40 196 212 214 215
30 40 226 227 229 230
31 40 211 227 229 230
32 40 241 242 244 245
33 40 226 242 244 245
34 40 256 257 259 260
35 40 241 257 259 260
36 40 271 272 274 275
37 40 256 272 274 275
38 40 286 287 289 290
39 40 271 287 289 290
40 40 301 302 304 305
41 40 286 302 304 305
42 40 316 317 319 320
43 40 301 317 319 320
44 40 331 332 334 335
45 40 316 332 334 335
46 40 346 347 349 350
47 40 331 347 349 350
48 40 361 362 364 365
49 40 346 362 364 365
50 40 376 377 379 380
51 40 361 377 379 380
52 40 391 392 394 395
53 40 376 392 394 395
54 40 406 407 409 410
55 40 391 407 409 410
56 40 421 422 424 425
57 40 406 422 424 425
58 40 436 437 439 440
59 40 421 437 439 440
60 40 451 452 454 455
61 40 436 452 454 455
62 40 466 467 469 470
63 40 451 467 469 470
64 40 481 482 484 485
65 40 466 482 484 485
66 40 496 497 499 500
67 40 481 497 499 500
68 40 511 512 514 515
69 40 496 512 514 515
70 40 526 527 529 530
71 40 511 527 529 530
72 40 541 542 544 545
73 40 526 542 544 545
74 40 556 557 559 560
75 40 541 557 559 560
76 40 571 572 574 575
77 40 556 572 574 575
78 40 586 587 589 590
79 40 571 587 589 590
80 40 601 602 604 605
81 40 586 602 604 605
82 40 616 617 619 620
83 40 601 617 619 620
84 40 631 632 634 635
85 40 616 632 634 635
86 40 646 647 649 650
87 40 631 647 649 650
88 40 661 662 664 665
89 40 646 662 664 665
90 40 676 677 679 680
91 40 661 677 679 680
92 40 691 692 694 695
93 40 676 692 694 695
94 40 706 707 709 710
95 40 691 707 709 710
96 40 721 722 724 725
97 40 706 722 724 725
98 40 3 2 4 5
99 40 18 17 19 20
100 40 33 32 34 35
101 40 48 47 49 50
102 40 63 62 64 65
103 40 78 77 79 80
104 40 93 92 94 95
105 40 108 107 109 110
106 40 123 122 124 125
107 40 138 137 139 140
108 40 153 152 154 155
109 40 168 167 169 170
110 40 183 182 184 185
111 40 198 197 199 200
112 40 213 212 214 215
113 40 228 227 229 230
114 40 243 242 244 245
115 40 258 257 259 260
116 40 273 272 274 275
117 40 288 287 289 290
118 40 303 302 304 305
119 40 318 317 319 320
120 40 333 332 334 335
121 40 348 347 349 350
122 40 363 362 364 365
123 40 378 377 379 380
124 40 393 392 394 395
125 40 408 407 409 410
126 40 423 422 424 425
127 40 438 437 439 440
128 40 453 452 454 455
129 40 468 467 469 470
130 40 483 482 484 485
131 40 498 497 499 500
132 40 513 512 514 515
133 40 528 527 529 530
134 40 543 542 544 545
135 40 558 557 559 560
136 40 573 572 574 575
137 40 588 587 589 590
138 40 603 602 604 605
139 40 618 617 619 620
140 40 633 632 634 635
141 40 648 647 649 650
142 40 663 662 664 665
143 40 678 677 679 680
144 40 693 692 694 695
145 40 708 707 709 710
146 40 723 722 724 725
147 40 736 737 739 740
148 40 738 737 739 740
149 40 721 737 739 740
150 51 1 2 4 6
151 51 16 17 19 21
152 51 1 17 19 21
153 51 31 32 34 36
154 51 16 32 34 36
155 51 46 47 49 51
156 51 31 47 49 51
157 51 61 62 64 66
158 51 46 62 64 66
159 51 76 77 79 81
160 51 61 77 79 81
161 51 91 92 94 96
162 51 76 92 94 96
163 51 106 107 109 111
164 51 91 107 109 111
165 51 121 122 124 126
166 51 106 122 124 126
167 51 136 137 139 141
168 51 121 137 139 141
169 51 151 152 154 156
170 51 136 152 154 156
171 51 166 167 169 171
172 51 151 167 169 171
173 51 181 182 184 186
174 51 166 182 184 186
175 51 196 197 199 201
176 51 181 197 199 201
177 51 211 212 214 216
178 51 196 212 214 216
179 51 226 227 229 231
180 51 211 227 229 231
181 51 241 242 244 246
182 51 226 242 244 246
183 51 256 257 259 261
184 51 241 257 259 261
185 51 271 272 274 276
186 51 256 272 274 276
187 51 286 287 289 291
188 51 271 287 289 291
189 51 301 302 304 306
190 51 286 302 304 306
191 51 316 317 319 321
192 51 301 317 319 321
193 51 331 332 334 336
194 51 316 332 334 336
195 51 346 347 349 351
196 51 331 347 349 351
197 51 361 362 364 366
198 51 346 362 364 366
199 51 376 377 379 381
200 51 361 377 379 381
201 51 391 392 394 396
202 51 376 392 394 396
203 51 406 407 409 411
204 51 391 407 409 411
205 51 421 422 424 426
206 51 406 422 424 426
207 51 436 437 439 441
208 51 421 437 439 441
209 51 451 452 454 456
210 51 436 452 454 456
211 51 466 467 469 471
212 51 451 467 469 471
213 51 481 482 484 486
214 51 466 482 484 486
215 51 496 497 499 501
216 51 481 497 499 501
217 51 511 512 514 516
218 51 496 512 514 516
219 51 526 527 529 531
220 51 511 527 529 531
221 51 541 542 544 546
222 51 526 542 544 546
223 51 556 557 559 561
224 51 541 557 559 561
225 51 571 572 574 576
226 51 556 572 574 576
227 51 586 587 589 591
228 51 571 587 589 591
229 51 601 602 604 606
230 51 586 602 604 606
231 51 616 617 619 621
232 51 601 617 619 621
233 51 631 632 634 636
234 51 616 632 634 636
235 51 646 647 649 651
236 51 631 647 649 651
237 51 661 662 664 666
238 51 646 662 664 666
239 51 676 677 679 681
240 51 661 677 679 681
241 51 691 692 694 696
242 51 676 692 694 696
243 51 706 707 709 711
244 51 691 707 709 711
245 51 721 722 724 726
246 51 706 722 724 726
247 51 3 2 4 6
248 51 18 17 19 21
249 51 33 32 34 36
250 51 48 47 49 51
251 51 63 62 64 66
252 51 78 77 79 81
253 51 93 92 94 96
254 51 108 107 109 111
255 51 123 122 124 126
256 51 138 137 139 141
257 51 153 152 154 156
258 51 168 167 169 171
259 51 183 182 184 186
260 51 198 197 199 201
261 51 213 212 214 216
262 51 228 227 229 231
263 51 243 242 244 246
264 51 258 257 259 261
265 51 273 272 274 276
266 51 288 287 289 291
267 51 303 302 304 306
268 51 318 317 319 321
269 51 333 332 334 336
270 51 348 347 349 351
271 51 363 362 364 366
272 51 378 377 379 381
273 51 393 392 394 396
274 51 408 407 409 411
275 51 423 422 424 426
276 51 438 437 439 441
277 51 453 452 454 456
278 51 468 467 469 471
279 51 483 482 484 486
280 51 498 497 499 501
281 51 513 512 514 516
282 51 528 527 529 531
283 51 543 542 544 546
284 51 558 557 559 561
285 51 573 572 574 576
286 51 588 587 589 591
287 51 603 602 604 606
288 51 618 617 619 621
289 51 633 632 634 636
290 51 648 647 649 651
291 51 663 662 664 666
292 51 678 677 679 681
293 51 693 692 694 696
294 51 708 707 709 711
295 51 723 722 724 726
296 51 736 737 739 741
297 51 738 737 739 741
298 51 721 737 739 741
299 68 5 4 6 7
300 68 20 19 21 22
301 68 35 34 36 37
302 68 50 49 51 52
303 68 65 64 66 67
304 68 80 79 81 82
305 68 95 94 96 97
306 68 110 109 111 112
307 68 125 124 126 127
308 68 140 139 141 142
309 68 155 154 156 157
310 68 170 169 171 172
311 68 185 184 186 187
312 68 200 199 201 202
313 68 215 214 216 217
314 68 230 229 231 232
315 68 245 244 246 247
316 68 260 259 261 262
317 68 275 274 276 277
318 68 290 289 291 292
319 68 305 304 306 307
320 68 320 319 321 322
321 68 335 334 336 337
322 68 350 349 351 352
323 68 365 364 366 367
324 68 380 379 381 382
325 68 395 394 396 397
326 68 410 409 411 412
327 68 425 424 426 427
328 68 440 439 441 442
329 68 455 454 456 457
330 68 470 469 471 472
331 68 485 484 486 487
332 68 500 499 501 502
333 68 515 514 516 517
334 68 530 529 531 532
335 68 545 544 546 547
336 68 560 559 561 562
337 68 575 574 576 577
338 68 590 589 591 592
339 68 605 604 606 607
340 68 620 619 621 622
341 68 635 634 636 637
342 68 650 649 651 652
343 68 665 664 666 667
344 68 680 679 681 682
345 68 695 694 696 697
346 68 710 709 711 712
347 68 725 724 726 727
348 68 740 739 741 742
349 70 2 4 6 7
350 70 17 19 21 22
351 70 32 34 36 37
352 70 47 49 51 52
353 70 62 64 66 67
354 70 77 79 81 82
355 70 92 94 96 97
356 70 107 109 111 112
357 70 122 124 126 127
358 70 137 139 141 142
359 70 152 154 156 157
360 70 167 169 171 172
361 70 182 184 186 187
362 70 197 199 201 202
363 70 212 214 216 217
364 70 227 229 231 232
365 70 242 244 246 247
366 70 257 259 261 262
367 70 272 274 276 277
368 70 287 289 291 292
369 70 302 304 306 307
370 70 317 319 321 322
371 70 332 334 336 337
372 70 347 349 351 352
373 70 362 364 366 367
374 70 377 379 381 382
375 70 392 394 396 397
376 70 407 409 411 412
377 70 422 424 426 427
378 70 437 439 441 442
379 70 452 454 456 457
380 70 467 469 471 472
381 70 482 484 486 487
382 70 497 499 501 502
383 70 512 514 516 517
384 70 527 529 531 532
385 70 542 544 546 547
386 70 557 559 561 562
387 70 572 574 576 577
388 70 587 589 591 592
389 70 602 604 606 607
390 70 617 619 621 622
391 70 632 634 636 637
392 70 647 649 651 652
393 70 662 664 666 667
394 70 677 679 681 682
395 70 692 694 696 697
396 70 707 709 711 712
397 70 722 724 726 727
398 70 737 739 741 742
399 183 4 2 1 17
400 183 19 17 16 32
401 183 2 1 17 19
402 183 34 32 31 47
403 183 17 16 32 34
404 183 49 47 46 62
405 183 32 31 47 49
406 183 64 62 61 77
407 183 47 46 62 64
408 183 79 77 76 92
409 183 62 61 77 79
410 183 94 92 91 107
411 183 77 76 92 94
412 183 109 107 106 122
413 183 92 91 107 109
414 183 124 122 121 137
415 183 107 106 122 124
416 183 139 137 136 152
417 183 122 121 137 139
418 183 154 152 151 167
419 183 137 136 152 154
420 183 169 167 166 182
421 183 152 151 167 169
422 183 184 182 181 197
423 183 167 166 182 184
424 183 199 197 196 212
425 183 182 181 197 199
426 183 214 212 211 227
427 183 197 196 212 214
428 183 229 227 226 242
429 183 212 211 227 229
430 183 244 242 241 257
431 183 227 226 242 244
432 183 259 257 256 272
433 183 242 241 257 259
434 183 274 272 271 287
435 183 257 256 272 274
436 183 289 287 286 302
437 183 272 271 287 289
438 183 304 302 301 317
439 183 287 286 302 304
440 183 319 317 316 332
441 183 302 301 317 319
442 183 334 332 331 347
443 183 317 316 332 334
444 183 349 347 346 362
445 183 332 331 347 349
446 183 364 362 361 377
447 183 347 346 362 364
448 183 379 377 376 392
449 183 362 361 377 379
450 183 394 392 391 407
451 183 377 376 392 394
452 183 409 407 406 422
453 183 392 391 407 409
454 183 424 422 421 437
455 183 407 406 422 424
456 183 439 437 436 452
457 183 422 421 437 439
458 183 454 452 451 467
459 183 437 436 452 454
460 183 469 467 466 482
461 183 452 451 467 469
462 183 484 482 481 497
463 183 467 466 482 484
464 183 499 497 496 512
465 183 482 481 497 499
466 183 514 512 511 527
467 183 497 496 512 514
468 183 529 527 526 542
469 183 512 511 527 529
470 183 544 542 541 557
471 183 527 526 542 544
472 183 559 557 556 572
473 183 542 541 557 559
474 183 574 572 571 587
475 183 557 556 572 574
476 183 589 587 586 602
477 183 572 571 587 589
478 183 604 602 601 617
479 183 587 586 602 604
480 183 619 617 616 632
481 183 602 601 617 619
482 183 634 632 631 647
483 183 617 616 632 634
484 183 649 647 646 662
485 183 632 631 647 649
486 183 664 662 661 677
487 183 647 646 662 664
488 183 679 677 676 692
489 183 662 661 677 679
490 183 694 692 691 707
491 183 677 676 692 694
492 183 709 707 706 722
493 183 692 691 707 709
494 183 707 706 722 724
495 183 724 722 721 737
496 183 722 721 737 739
497 187 4 2 1 8
498 187 4 2 1 9
499 187 19 17 16 23
500 187 19 17 16 24
501 187 8 1 17 19
502 187 9 1 17 19
503 187 34 32 31 38
504 187 34 32 31 39
505 187 23 16 32 34
506 187 24 16 32 34
507 187 49 47 46 53
508 187 49 47 46 54
509 187 38 31 47 49
510 187 39 31 47 49
511 187 64 62 61 68
512 187 64 62 61 69
513 187 53 46 62 64
514 187 54 46 62 64
515 187 79 77 76 83
516 187 79 77 76 84
517 187 68 61 77 79
518 187 69 61 77 79
519 187 94 92 91 98
520 187 94 92 91 99
521 187 83 76 92 94
522 187 84 76 92 94
523 187 109 107 106 113
524 187 109 107 106 114
525 187 98 91 107 109
526 187 99 91 107 109
527 187 124 122 121 128
528 187 124 122 121 129
529 187 113 106 122 124
530 187 114 106 122 124
531 187 139 137 136 143
532 187 139 137 136 144
533 187 128 121 137 139
534 187 129 121 137 139
535 187 154 152 151 158
536 187 154 152 151 159
537 187 143 136 152 154
538 187 144 136 152 154
539 187 169 167 166 173
540 187 169 167 166 174
541 187 158 151 167 169
542 187 159 151 167 169
543 187 184 182 181 188
544 187 184 182 181 189
545 187 173 166 182 184
546 187 174 166 182 184
547 187 199 197 196 203
548 187 199 197 196 204
549 187 188 181 197 199
550 187 189 181 197 199
551 187 214 212 211 218
552 187 214 212 211 219
553 187 203 196 212 214
554 187 204 196 212 214
555 187 229 227 226 233
556 187 229 227 226 234
557 187 218 211 227 229
558 187 219 211 227 229
559 187 244 242 241 248
560 187 244 242 241 249
561 187 233 226 242 244
562 187 234 226 242 244
563 187 259 257 256 263
564 187 259 257 256 264
565 187 248 241 257 259
566 187 249 241 257 259
567 187 274 272 271 278
568 187 274 272 271 279
569 187 263 256 272 274
570 187 264 256 272 274
571 187 289 287 286 293
572 187 289 287 286 294
573 187 278 271 287 289
574 187 279 271 287 289
575 187 304 302 301 308
576 187 304 302 301 309
577 187 293 286 302 304
578 187 294 286 302 304
579 187 319 317 316 323
580 187 319 317 316 324
581 187 308 301 317 319
582 187 309 301 317 319
583 187 334 332 331 338
584 187 334 332 331 339
585 187 323 316 332 334
586 187 324 316 332 334
587 187 349 347 346 353
588 187 349 347 346 354
589 187 338 331 347 349
590 187 339 331 347 349
591 187 364 362 361 368
592 187 364 362 361 369
593 187 353 346 362 364
594 187 354 346 362 364
595 187 379 377 376 383
596 187 379 377 376 384
597 187 368 361 377 379
598 187 369 361 377 379
599 187 394 392 391 398
600 187 394 392 391 399
601 187 383 376 392 394
602 187 384 376 392 394
603 187 409 407 406 413
604 187 409 407 406 414
605 187 398 391 407 409
606 187 399 391 407 409
607 187 424 422 421 428
608 187 424 422 421 429
609 187 413 406 422 424
610 187 414 406 422 424
611 187 439 437 436 443
612 187 439 437 436 444
613 187 428 421 437 439
614 187 429 421 437 439
615 187 454 452 451 458
616 187 454 452 451 459
617 187 443 436 452 454
618 187 444 436 452 454
619 187 469 467 466 473
620 187 469 467 466 474
621 187 458 451 467 469
622 187 459 451 467 469
623 187 484 482 481 488
624 187 484 482 481 489
625 187 473 466 482 484
626 187 474 466 482 484
627 187 499 497 496 503
628 187 499 497 496 504
629 187 488 481 497 499
630 187 489 481 497 499
631 187 514 512 511 518
632 187 514 512 511 519
633 187 503 496 512 514
634 187 504 496 512 514
635 187 529 527 526 533
636 187 529 527 526 534
637 187 518 511 527 529
638 187 519 511 527 529
639 187 544 542 541 548
640 187 544 542 541 549
641 187 533 526 542 544
642 187 534 526 542 544
643 187 559 557 556 563
644 187 559 557 556 564
645 187 548 541 557 559
646 187 549 541 557 559
647 187 574 572 571 578
648 187 574 572 571 579
649 187 563 556 572 574
650 187 564 556 572 574
651 187 589 587 586 593
652 187 589 587 586 594
653 187 578 571 587 589
654 187 579 571 587 589
655 187 604 602 601 608
656 187 604 602 601 609
657 187 593 586 602 604
658 187 594 586 602 604
659 187 619 617 616 623
660 187 619 617 616 624
661 187 608 601 617 619
662 187 609 601 617 619
663 187 634 632 631 638
664 187 634 632 631 639
665 187 623 616 632 634
666 187 624 616 632 634
667 187 649 647 646 653
668 187 649 647 646 654
669 187 638 631 647 649
670 187 639 631 647 649
671 187 664 662 661 668
672 187 664 662 661 669
673 187 653 646 662 664
674 187 654 646 662 664
675 187 679 677 676 683
676 187 679 677 676 684
677 187 668 661 677 679
678 187 669 661 677 679
679 187 694 692 691 698
680 187 694 692 691 699
681 187 683 676 692 694
682 187 684 676 692 694
683 187 709 707 706 713
684 187 709 707 706 714
685 187 698 691 707 709
686 187 699 691 707 709
687 187 724 722 721 728
688 187 724 722 721 729
689 187 713 706 722 724
690 187 714 706 722 724
691 187 4 2 3 10
692 187 4 2 3 11
693 187 4 2 3 12
694 187 19 17 18 25
695 187 19 17 18 26
696 187 19 17 18 27
697 187 34 32 33 40
698 187 34 32 33 41
699 187 34 32 33 42
700 187 49 47 48 55
701 187 49 47 48 56
702 187 49 47 48 57
703 187 64 62 63 70
704 187 64 62 63 71
705 187 64 62 63 72
706 187 79 77 78 85
707 187 79 77 78 86
708 187 79 77 78 87
709 187 94 92 93 100
710 187 94 92 93 101
711 187 94 92 93 102
712 187 109 107 108 115
713 187 109 107 108 116
714 187 109 107 108 117
715 187 124 122 123 130
716 187 124 122 123 131
717 187 124 122 123 132
718 187 139 137 138 145
719 187 139 137 138 146
720 187 139 137 138 147
721 187 154 152 153 160
722 187 154 152 153 161
723 187 154 152 153 162
724 187 169 167 168 175
725 187 169 167 168 176
726 187 169 167 168 177
727 187 184 182 183 190
728 187 184 182 183 191
729 187 184 182 183 192
730 187 199 197 198 205
731 187 199 197 198 206
732 187 199 197 198 207
733 187 214 212 213 220
734 187 214 212 213 221
735 187 214 212 213 222
736 187 229 227 228 235
737 187 229 227 228 236
738 187 229 227 228 237
739 187 244 242 243 250
740 187 244 242 243 251
741 187 244 242 243 252
742 187 259 257 258 265
743 187 259 257 258 266
744 187 259 257 258 267
745 187 274 272 273 280
746 187 274 272 273 281
747 187 274 272 273 282
748 187 289 287 288 295
749 187 289 287 288 296
750 187 289 287 288 297
751 187 304 302 303 310
752 187 304 302 303 311
753 187 304 302 303 312
754 187 319 317 318 325
755 187 319 317 318 326
756 187 319 317 318 327
757 187 334 332 333 340
758 187 334 332 333 341
759 187 334 332 333 342
760 187 349 347 348 355
761 187 349 347 348 356
762 187 349 347 348 357
763 187 364 362 363 370
764 187 364 362 363 371
765 187 364 362 363 372
766 187 379 377 378 385
767 187 379 377 378 386
768 187 379 377 378 387
769 187 394 392 393 400
770 187 394 392 393 401
771 187 394 392 393 402
772 187 409 407 408 415
773 187 409 407 408 416
774 187 409 407 408 417
775 187 424 422 423 430
776 187 424 422 423 431
777 187 424 422 423 432
778 187 439 437 438 445
779 187 439 437 438 446
780 187 439 437 438 447
781 187 454 452 453 460
782 187 454 452 453 461
783 187 454 452 453 462
784 187 469 467 468 475
785 187 469 467 468 476
786 187 469 467 468 477
787 187 484 482 483 490
788 187 484 482 483 491
789 187 484 482 483 492
790 187 499 497 498 505
791 187 499 497 498 506
792 187 499 497 498 507
793 187 514 512 513 520
794 187 514 512 513 521
795 187 514 512 513 522
796 187 529 527 528 535
797 187 529 527 528 536
798 187 529 527 528 537
799 187 544 542 543 550
800 187 544 542 543 551
801 187 544 542 543 552
802 187 559 557 558 565
803 187 559 557 558 566
804 187 559 557 558 567
805 187 574 572 573 580
806 187 574 572 573 581
807 187 574 572 573 582
808 187 589 587 588 595
809 187 589 587 588 596
810 187 589 587 588 597
811 187 604 602 603 610
812 187 604 602 603 611
813 187 604 602 603 612
814 187 619 617 618 625
815 187 619 617 618 626
816 187 619 617 618 627
817 187 634 632 633 640
818 187 634 632 633 641
819 187 634 632 633 642
820 187 649 647 648 655
821 187 649 647 648 656
822 187 649 647 648 657
823 187 664 662 663 670
824 187 664 662 663 671
825 187 664 662 663 672
826 187 679 677 678 685
827 187 679 677 678 686
828 187 679 677 678 687
829 187 694 692 693 700
830 187 694 692 693 701
831 187 694 692 693 702
832 187 709 707 708 715
833 187 709 707 708 716
834 187 709 707 708 717
835 187 724 722 723 730
836 187 724 722 723 731
837 187 724 722 723 732
838 187 739 737 736 743
839 187 739 737 736 744
840 187 739 737 738 745
841 187 739 737 738 746
842 187 739 737 738 747
843 187 728 721 737 739
844 187 729 721 737 739
845 196 1 17 16 32
846 196 2 1 17 16
847 196 16 32 31 47
848 196 17 16 32 31
849 196 31 47 46 62
850 196 32 31 47 46
851 196 46 62 61 77
852 196 47 46 62 61
853 196 61 77 76 92
854 196 62 61 77 76
855 196 76 92 91 107
856 196 77 76 92 91
857 196 91 107 106 122
858 196 92 91 107 106
859 196 106 122 121 137
860 196 107 106 122 121
861 196 121 137 136 152
862 196 122 121 137 136
863 196 136 152 151 167
864 196 137 136 152 151
865 196 151 167 166 182
866 196 152 151 167 166
867 196 166 182 181 197
868 196 167 166 182 181
869 196 181 197 196 212
870 196 182 181 197 196
871 196 196 212 211 227
872 196 197 196 212 211
873 196 211 227 226 242
874 196 212 211 227 226
875 196 226 242 241 257
876 196 227 226 242 241
877 196 241 257 256 272
878 196 242 241 257 256
879 196 256 272 271 287
880 196 257 256 272 271
881 196 271 287 286 302
882 196 272 271 287 286
883 196 286 302 301 317
884 196 287 286 302 301
885 196 301 317 316 332
886 196 302 301 317 316
887 196 316 332 331 347
888 196 317 316 332 331
889 196 331 347 346 362
890 196 332 331 347 346
891 196 346 362 361 377
892 196 347 346 362 361
893 196 361 377 376 392
894 196 362 361 377 376
895 196 376 392 391 407
896 196 377 376 392 391
897 196 391 407 406 422
898 196 392 391 407 406
899 196 406 422 421 437
900 196 407 406 422 421
901 196 421 437 436 452
902 196 422 421 437 436
903 196 436 452 451 467
904 196 437 436 452 451
905 196 451 467 466 482
906 196 452 451 467 466
907 196 466 482 481 497
908 196 467 466 482 481
909 196 481 497 496 512
910 196 482 481 497 496
911 196 496 512 511 527
912 196 497 496 512 511
913 196 511 527 526 542
914 196 512 511 527 526
915 196 526 542 541 557
916 196 527 526 542 541
917 196 541 557 556 572
918 196 542 541 557 556
919 196 556 572 571 587
920 196 557 556 572 571
921 196 571 587 586 602
922 196 572 571 587 586
923 196 586 602 601 617
924 196 587 586 602 601
925 196 601 617 616 632
926 196 602 601 617 616
927 196 616 632 631 647
928 196 617 616 632 631
929 196 631 647 646 662
930 196 632 631 647 646
931 196 646 662 661 677
932 196 647 646 662 661
933 196 661 677 676 692
934 196 662 661 677 676
935 196 676 692 691 707
936 196 677 676 692 691
937 196 691 707 706 722
938 196 692 691 707 706
939 196 707 706 722 721
940 196 2 1 17 18
941 196 17 16 32 33
942 196 3 2 1 17
943 196 32 31 47 48
944 196 18 17 16 32
945 196 47 46 62 63
946 196 33 32 31 47
947 196 62 61 77 78
948 196 48 47 46 62
949 196 77 76 92 93
950 196 63 62 61 77
951 196 92 91 107 108
952 196 78 77 76 92
953 196 107 106 122 123
954 196 93 92 91 107
955 196 122 121 137 138
956 196 108 107 106 122
957 196 137 136 152 153
958 196 123 122 121 137
959 196 152 151 167 168
960 196 138 137 136 152
961 196 167 166 182 183
962 196 153 152 151 167
963 196 182 181 197 198
964 196 168 167 166 182
965 196 197 196 212 213
966 196 183 182 181 197
967 196 212 211 227 228
968 196 198 197 196 212
969 196 227 226 242 243
970 196 213 212 211 227
971 196 242 241 257 258
972 196 228 227 226 242
973 196 257 256 272 273
974 196 243 242 241 257
975 196 272 271 287 288
976 196 258 257 256 272
977 196 287 286 302 303
978 196 273 272 271 287
979 196 302 301 317 318
980 196 288 287 286 302
981 196 317 316 332 333
982 196 303 302 301 317
983 196 332 331 347 348
984 196 318 317 316 332
985 196 347 346 362 363
986 196 333 332 331 347
987 196 362 361 377 378
988 196 348 347 346 362
989 196 377 376 392 393
990 196 363 362 361 377
991 196 392 391 407 408
992 196 378 377 376 392
993 196 407 406 422 423
994 196 393 392 391 407
995 196 422 421 437 438
996 196 408 407 406 422
997 196 437 436 452 453
998 196 423 422 421 437
999 196 452 451 467 468
1000 196 438 437 436 452
1001 196 467 466 482 483
1002 196 453 452 451 467
1003 196 482 481 497 498
1004 196 468 467 466 482
1005 196 497 496 512 513
1006 196 483 482 481 497
1007 196 512 511 527 528
1008 196 498 497 496 512
1009 196 527 526 542 543
1010 196 513 512 511 527
1011 196 542 541 557 558
1012 196 528 527 526 542
1013 196 557 556 572 573
1014 196 543 542 541 557
1015 196 572 571 587 588
1016 196 558 557 556 572
1017 196 587 586 602 603
1018 196 573 572 571 587
1019 196 602 601 617 618
1020 196 588 587 586 602
1021 196 617 616 632 633
1022 196 603 602 601 617
1023 196 632 631 647 648
1024 196 618 617 616 632
1025 196 647 646 662 663
1026 196 633 632 631 647
1027 196 662 661 677 678
1028 196 648 647 646 662
1029 196 677 676 692 693
1030 196 663 662 661 677
1031 196 692 691 707 708
1032 196 678 677 676 692
1033 196 707 706 722 723
1034 196 693 692 691 707
1035 196 708 707 706 722
1036 196 706 722 721 737
1037 196 722 721 737 736
1038 196 722 721 737 738
1039 196 723 722 721 737
1040 203 1 2 3 10
1041 203 1 2 3 11
1042 203 1 2 3 12
1043 203 1 17 18 25
1044 203 1 17 18 26
1045 203 1 17 18 27
1046 203 16 17 18 25
1047 203 16 17 18 26
1048 203 16 17 18 27
1049 203 16 32 33 40
1050 203 16 32 33 41
1051 203 16 32 33 42
1052 203 31 32 33 40
1053 203 31 32 33 41
1054 203 31 32 33 42
1055 203 31 47 48 55
1056 203 31 47 48 56
1057 203 31 47 48 57
1058 203 46 47 48 55
1059 203 46 47 48 56
1060 203 46 47 48 57
1061 203 46 62 63 70
1062 203 46 62 63 71
1063 203 46 62 63 72
1064 203 61 62 63 70
1065 203 61 62 63 71
1066 203 61 62 63 72
1067 203 61 77 78 85
1068 203 61 77 78 86
1069 203 61 77 78 87
1070 203 76 77 78 85
1071 203 76 77 78 86
1072 203 76 77 78 87
1073 203 76 92 93 100
1074 203 76 92 93 101
1075 203 76 92 93 102
1076 203 91 92 93 100
1077 203 91 92 93 101
1078 203 91 92 93 102
1079 203 91 107 108 115
1080 203 91 107 108 116
1081 203 91 107 108 117
1082 203 106 107 108 115
1083 203 106 107 108 116
1084 203 106 107 108 117
1085 203 106 122 123 130
1086 203 106 122 123 131
1087 203 106 122 123 132
1088 203 121 122 123 130
1089 203 121 122 123 131
1090 203 121 122 123 132
1091 203 121 137 138 145
1092 203 121 137 138 146
1093 203 121 137 138 147
1094 203 136 137 138 145
1095 203 136 137 138 146
1096 203 136 137 138 147
1097 203 136 152 153 160
1098 203 136 152 153 161
1099 203 136 152 153 162
1100 203 151 152 153 160
1101 203 151 152 153 161
1102 203 151 152 153 162
1103 203 151 167 168 175
1104 203 151 167 168 176
1105 203 151 167 168 177
1106 203 166 167 168 175
1107 203 166 167 168 176
1108 203 166 167 168 177
1109 203 166 182 183 190
1110 203 166 182 183 191
1111 203 166 182 183 192
1112 203 181 182 183 190
1113 203 181 182 183 191
1114 203 181 182 183 192
1115 203 181 197 198 205
1116 203 181 197 198 206
1117 203 181 197 198 207
1118 203 196 197 198 205
1119 203 196 197 198 206
1120 203 196 197 198 207
1121 203 196 212 213 220
1122 203 196 212 213 221
1123 203 196 212 213 222
1124 203 211 212 213 220
1125 203 211 212 213 221
1126 203 211 212 213 222
1127 203 211 227 228 235
1128 203 211 227 228 236
1129 203 211 227 228 237
1130 203 226 227 228 235
1131 203 226 227 228 236
1132 203 226 227 228 237
1133 203 226 242 243 250
1134 203 226 242 243 251
1135 203 226 242 243 252
1136 203 241 242 243 250
1137 203 241 242 243 251
1138 203 241 242 243 252
1139 203 241 257 258 265
1140 203 241 257 258 266
1141 203 241 257 258 267
1142 203 256 257 258 265
1143 203 256 257 258 266
1144 203 256 257 258 267
1145 203 256 272 273 280
1146 203 256 272 273 281
1147 203 256 272 273 282
1148 203 271 272 273 280
1149 203 271 272 273 281
1150 203 271 272 273 282
1151 203 271 287 288 295
1152 203 271 287 288 296
1153 203 271 287 288 297
1154 203 286 287 288 295
1155 203 286 287 288 296
1156 203 286 287 288 297
1157 203 286 302 303 310
1158 203 286 302 303 311
1159 203 286 302 303 312
1160 203 301 302 303 310
1161 203 301 302 303 311
1162 203 301 302 303 312
1163 203 301 317 318 325
1164 203 301 317 318 326
1165 203 301 317 318 327
1166 203 316 317 318 325
1167 203 316 317 318 326
1168 203 316 317 318 327
1169 203 316 332 333 340
1170 203 316 332 333 341
1171 203 316 332 333 342
1172 203 331 332 333 340
1173 203 331 332 333 341
1174 203 331 332 333 342
1175 203 331 347 348 355
1176 203 331 347 348 356
1177 203 331 347 348 357
1178 203 346 347 348 355
1179 203 346 347 348 356
1180 203 346 347 348 357
1181 203 346 362 363 370
1182 203 346 362 363 371
1183 203 346 362 363 372
1184 203 361 362 363 370
1185 203 361 362 363 371
1186 203 361 362 363 372
1187 203 361 377 378 385
1188 203 361 377 378 386
1189 203 361 377 378 387
1190 203 376 377 378 385
1191 203 376 377 378 386
1192 203 376 377 378 387
1193 203 376 392 393 400
1194 203 376 392 393 401
1195 203 376 392 393 402
1196 203 391 392 393 400
1197 203 391 392 393 401
1198 203 391 392 393 402
1199 203 391 407 408 415
1200 203 391 407 408 416
1201 203 391 407 408 417
1202 203 406 407 408 415
1203 203 406 407 408 416
1204 203 406 407 408 417
1205 203 406 422 423 430
1206 203 406 422 423 431
1207 203 406 422 423 432
1208 203 421 422 423 430
1209 203 421 422 423 431
1210 203 421 422 423 432
1211 203 421 437 438 445
1212 203 421 437 438 446
1213 203 421 437 438 447
1214 203 436 437 438 445
1215 203 436 437 438 446
1216 203 436 437 438 447
1217 203 436 452 453 460
1218 203 436 452 453 461
1219 203 436 452 453 462
1220 203 451 452 453 460
1221 203 451 452 453 461
1222 203 451 452 453 462
1223 203 451 467 468 475
1224 203 451 467 468 476
1225 203 451 467 468 477
1226 203 466 467 468 475
1227 203 466 467 468 476
1228 203 466 467 468 477
1229 203 466 482 483 490
1230 203 466 482 483 491
1231 203 466 482 483 492
1232 203 481 482 483 490
1233 203 481 482 483 491
1234 203 481 482 483 492
1235 203 481 497 498 505
1236 203 481 497 498 506
1237 203 481 497 498 507
1238 203 496 497 498 505
1239 203 496 497 498 506
1240 203 496 497 498 507
1241 203 496 512 513 520
1242 203 496 512 513 521
1243 203 496 512 513 522
1244 203 511 512 513 520
1245 203 511 512 513 521
1246 203 511 512 513 522
1247 203 511 527 528 535
1248 203 511 527 528 536
1249 203 511 527 528 537
1250 203 526 527 528 535
1251 203 526 527 528 536
1252 203 526 527 528 537
1253 203 526 542 543 550
1254 203 526 542 543 551
1255 203 526 542 543 552
1256 203 541 542 543 550
1257 203 541 542 543 551
1258 203 541 542 543 552
1259 203 541 557 558 565
1260 203 541 557 558 566
1261 203 541 557 558 567
1262 203 556 557 558 565
1263 203 556 557 558 566
1264 203 556 557 558 567
1265 203 556 572 573 580
1266 203 556 572 573 581
1267 203 556 572 573 582
1268 203 571 572 573 580
1269 203 571 572 573 581
1270 203 571 572 573 582
1271 203 571 587 588 595
1272 203 571 587 588 596
1273 203 571 587 588 597
1274 203 586 587 588 595
1275 203 586 587 588 596
1276 203 586 587 588 597
1277 203 586 602 603 610
1278 203 586 602 603 611
1279 203 586 602 603 612
1280 203 601 602 603 610
1281 203 601 602 603 611
1282 203 601 602 603 612
1283 203 601 617 618 625
1284 203 601 617 618 626
1285 203 601 617 618 627
1286 203 616 617 618 625
1287 203 616 617 618 626
1288 203 616 617 618 627
1289 203 616 632 633 640
1290 203 616 632 633 641
1291 203 616 632 633 642
1292 203 631 632 633 640
1293 203 631 632 633 641
1294 203 631 632 633 642
1295 203 631 647 648 655
1296 203 631 647 648 656
1297 203 631 647 648 657
1298 203 646 647 648 655
1299 203 646 647 648 656
1300 203 646 647 648 657
1301 203 646 662 663 670
1302 203 646 662 663 671
1303 203 646 662 663 672
1304 203 661 662 663 670
1305 203 661 662 663 671
1306 203 661 662 663 672
1307 203 661 677 678 685
1308 203 661 677 678 686
1309 203 661 677 678 687
1310 203 676 677 678 685
1311 203 676 677 678 686
1312 203 676 677 678 687
1313 203 676 692 693 700
1314 203 676 692 693 701
1315 203 676 692 693 702
1316 203 691 692 693 700
1317 203 691 692 693 701
1318 203 691 692 693 702
1319 203 691 707 708 715
1320 203 691 707 708 716
1321 203 691 707 708 717
1322 203 706 707 708 715
1323 203 706 707 708 716
1324 203 706 707 708 717
1325 203 706 722 723 730
1326 203 706 722 723 731
1327 203 706 722 723 732
1328 203 721 722 723 730
1329 203 721 722 723 731
1330 203 721 722 723 732
1331 203 1 17 16 23
1332 203 1 17 16 24
1333 203 8 1 17 16
1334 203 9 1 17 16
1335 203 16 32 31 38
1336 203 16 32 31 39
1337 203 23 16 32 31
1338 203 24 16 32 31
1339 203 31 47 46 53
1340 203 31 47 46 54
1341 203 38 31 47 46
1342 203 39 31 47 46
1343 203 46 62 61 68
1344 203 46 62 61 69
1345 203 53 46 62 61
1346 203 54 46 62 61
1347 203 61 77 76 83
1348 203 61 77 76 84
1349 203 68 61 77 76
1350 203 69 61 77 76
1351 203 76 92 91 98
1352 203 76 92 91 99
1353 203 83 76 92 91
1354 203 84 76 92 91
1355 203 91 107 106 113
1356 203 91 107 106 114
1357 203 98 91 107 106
1358 203 99 91 107 106
1359 203 106 122 121 128
1360 203 106 122 121 129
1361 203 113 106 122 121
1362 203 114 106 122 121
1363 203 121 137 136 143
1364 203 121 137 136 144
1365 203 128 121 137 136
1366 203 129 121 137 136
1367 203 136 152 151 158
1368 203 136 152 151 159
1369 203 143 136 152 151
1370 203 144 136 152 151
1371 203 151 167 166 173
1372 203 151 167 166 174
1373 203 158 151 167 166
1374 203 159 151 167 166
1375 203 166 182 181 188
1376 203 166 182 181 189
1377 203 173 166 182 181
1378 203 174 166 182 181
1379 203 181 197 196 203
1380 203 181 197 196 204
1381 203 188 181 197 196
1382 203 189 181 197 196
1383 203 196 212 211 218
1384 203 196 212 211 219
1385 203 203 196 212 211
1386 203 204 196 212 211
1387 203 211 227 226 233
1388 203 211 227 226 234
1389 203 218 211 227 226
1390 203 219 211 227 226
1391 203 226 242 241 248
1392 203 226 242 241 249
1393 203 233 226 242 241
1394 203 234 226 242 241
1395 203 241 257 256 263
1396 203 241 257 256 264
1397 203 248 241 257 256
1398 203 249 241 257 256
1399 203 256 272 271 278
1400 203 256 272 271 279
1401 203 263 256 272 271
1402 203 264 256 272 271
1403 203 271 287 286 293
1404 203 271 287 286 294
1405 203 278 271 287 286
1406 203 279 271 287 286
1407 203 286 302 301 308
1408 203 286 302 301 309
1409 203 293 286 302 301
1410 203 294 286 302 301
1411 203 301 317 316 323
1412 203 301 317 316 324
1413 203 308 301 317 316
1414 203 309 301 317 316
1415 203 316 332 331 338
1416 203 316 332 331 339
1417 203 323 316 332 331
1418 203 324 316 332 331
1419 203 331 347 346 353
1420 203 331 347 346 354
1421 203 338 331 347 346
1422 203 339 331 347 346
1423 203 346 362 361 368
1424 203 346 362 361 369
1425 203 353 346 362 361
1426 203 354 346 362 361
1427 203 361 377 376 383
1428 203 361 377 376 384
1429 203 368 361 377 376
1430 203 369 361 377 376
1431 203 376 392 391 398
1432 203 376 392 391 399
1433 203 383 376 392 391
1434 203 384 376 392 391
1435 203 391 407 406 413
1436 203 391 407 406 414
1437 203 398 391 407 406
1438 203 399 391 407 406
1439 203 406 422 421 428
1440 203 406 422 421 429
1441 203 413 406 422 421
1442 203 414 406 422 421
1443 203 421 437 436 443
1444 203 421 437 436 444
1445 203 428 421 437 436
1446 203 429 421 437 436
1447 203 436 452 451 458
1448 203 436 452 451 459
1449 203 443 436 452 451
1450 203 444 436 452 451
1451 203 451 467 466 473
1452 203 451 467 466 474
1453 203 458 451 467 466
1454 203 459 451 467 466
1455 203 466 482 481 488
1456 203 466 482 481 489
1457 203 473 466 482 481
1458 203 474 466 482 481
1459 203 481 497 496 503
1460 203 481 497 496 504
1461 203 488 481 497 496
1462 203 489 481 497 496
1463 203 496 512 511 518
1464 203 496 512 511 519
1465 203 503 496 512 511
1466 203 504 496 512 511
1467 203 511 527 526 533
1468 203 511 527 526 534
1469 203 518 511 527 526
1470 203 519 511 527 526
1471 203 526 542 541 548
1472 203 526 542 541 549
1473 203 533 526 542 541
1474 203 534 526 542 541
1475 203 541 557 556 563
1476 203 541 557 556 564
1477 203 548 541 557 556
1478 203 549 541 557 556
1479 203 556 572 571 578
1480 203 556 572 571 579
1481 203 563 556 572 571
1482 203 564 556 572 571
1483 203 571 587 586 593
1484 203 571 587 586 594
1485 203 578 571 587 586
1486 203 579 571 587 586
1487 203 586 602 601 608
1488 203 586 602 601 609
1489 203 593 586 602 601
1490 203 594 586 602 601
1491 203 601 617 616 623
1492 203 601 617 616 624
1493 203 608 601 617 616
1494 203 609 601 617 616
1495 203 616 632 631 638
1496 203 616 632 631 639
1497 203 623 616 632 631
1498 203 624 616 632 631
1499 203 631 647 646 653
1500 203 631 647 646 654
1501 203 638 631 647 646
1502 203 639 631 647 646
1503 203 646 662 661 668
1504 203 646 662 661 669
1505 203 653 646 662 661
1506 203 654 646 662 661
1507 203 661 677 676 683
1508 203 661 677 676 684
1509 203 668 661 677 676
1510 203 669 661 677 676
1511 203 676 692 691 698
1512 203 676 692 691 699
1513 203 683 676 692 691
1514 203 684 676 692 691
1515 203 691 707 706 713
1516 203 691 707 706 714
1517 203 698 691 707 706
1518 203 699 691 707 706
1519 203 706 722 721 728
1520 203 706 722 721 729
1521 203 713 706 722 721
1522 203 714 706 722 721
1523 203 3 2 1 8
1524 203 3 2 1 9
1525 203 18 17 16 23
1526 203 18 17 16 24
1527 203 8 1 17 18
1528 203 9 1 17 18
1529 203 33 32 31 38
1530 203 33 32 31 39
1531 203 23 16 32 33
1532 203 24 16 32 33
1533 203 48 47 46 53
1534 203 48 47 46 54
1535 203 38 31 47 48
1536 203 39 31 47 48
1537 203 63 62 61 68
1538 203 63 62 61 69
1539 203 53 46 62 63
1540 203 54 46 62 63
1541 203 78 77 76 83
1542 203 78 77 76 84
1543 203 68 61 77 78
1544 203 69 61 77 78
1545 203 93 92 91 98
1546 203 93 92 91 99
1547 203 83 76 92 93
1548 203 84 76 92 93
1549 203 108 107 106 113
1550 203 108 107 106 114
1551 203 98 91 107 108
1552 203 99 91 107 108
1553 203 123 122 121 128
1554 203 123 122 121 129
1555 203 113 106 122 123
1556 203 114 106 122 123
1557 203 138 137 136 143
1558 203 138 137 136 144
1559 203 128 121 137 138
1560 203 129 121 137 138
1561 203 153 152 151 158
1562 203 153 152 151 159
1563 203 143 136 152 153
1564 203 144 136 152 153
1565 203 168 167 166 173
1566 203 168 167 166 174
1567 203 158 151 167 168
1568 203 159 151 167 168
1569 203 183 182 181 188
1570 203 183 182 181 189
1571 203 173 166 182 183
1572 203 174 166 182 183
1573 203 198 197 196 203
1574 203 198 197 196 204
1575 203 188 181 197 198
1576 203 189 181 197 198
1577 203 213 212 211 218
1578 203 213 212 211 219
1579 203 203 196 212 213
1580 203 204 196 212 213
1581 203 228 227 226 233
1582 203 228 227 226 234
1583 203 218 211 227 228
1584 203 219 211 227 228
1585 203 243 242 241 248
1586 203 243 242 241 249
1587 203 233 226 242 243
1588 203 234 226 242 243
1589 203 258 257 256 263
1590 203 258 257 256 264
1591 203 248 241 257 258
1592 203 249 241 257 258
1593 203 273 272 271 278
1594 203 273 272 271 279
1595 203 263 256 272 273
1596 203 264 256 272 273
1597 203 288 287 286 293
1598 203 288 287 286 294
1599 203 278 271 287 288
1600 203 279 271 287 288
1601 203 303 302 301 308
1602 203 303 302 301 309
1603 203 293 286 302 303
1604 203 294 286 302 303
1605 203 318 317 316 323
1606 203 318 317 316 324
1607 203 308 301 317 318
1608 203 309 301 317 318
1609 203 333 332 331 338
1610 203 333 332 331 339
1611 203 323 316 332 333
1612 203 324 316 332 333
1613 203 348 347 346 353
1614 203 348 347 346 354
1615 203 338 331 347 348
1616 203 339 331 347 348
1617 203 363 362 361 368
1618 203 363 362 361 369
1619 203 353 346 362 363
1620 203 354 346 362 363
1621 203 378 377 376 383
1622 203 378 377 376 384
1623 203 368 361 377 378
1624 203 369 361 377 378
1625 203 393 392 391 398
1626 203 393 392 391 399
1627 203 383 376 392 393
1628 203 384 376 392 393
1629 203 408 407 406 413
1630 203 408 407 406 414
1631 203 398 391 407 408
1632 203 399 391 407 408
1633 203 423 422 421 428
1634 203 423 422 421 429
1635 203 413 406 422 423
1636 203 414 406 422 423
1637 203 438 437 436 443
1638 203 438 437 436 444
1639 203 428 421 437 438
1640 203 429 421 437 438
1641 203 453 452 451 458
1642 203 453 452 451 459
1643 203 443 436 452 453
1644 203 444 436 452 453
1645 203 468 467 466 473
1646 203 468 467 466 474
1647 203 458 451 467 468
1648 203 459 451 467 468
1649 203 483 482 481 488
1650 203 483 482 481 489
1651 203 473 466 482 483
1652 203 474 466 482 483
1653 203 498 497 496 503
1654 203 498 497 496 504
1655 203 488 481 497 498
1656 203 489 481 497 498
1657 203 513 512 511 518
1658 203 513 512 511 519
1659 203 503 496 512 513
1660 203 504 496 512 513
1661 203 528 527 526 533
1662 203 528 527 526 534
1663 203 518 511 527 528
1664 203 519 511 527 528
1665 203 543 542 541 548
1666 203 543 542 541 549
1667 203 533 526 542 543
1668 203 534 526 542 543
1669 203 558 557 556 563
1670 203 558 557 556 564
1671 203 548 541 557 558
1672 203 549 541 557 558
1673 203 573 572 571 578
1674 203 573 572 571 579
1675 203 563 556 572 573
1676 203 564 556 572 573
1677 203 588 587 586 593
1678 203 588 587 586 594
1679 203 578 571 587 588
1680 203 579 571 587 588
1681 203 603 602 601 608
1682 203 603 602 601 609
1683 203 593 586 602 603
1684 203 594 586 602 603
1685 203 618 617 616 623
1686 203 618 617 616 624
1687 203 608 601 617 618
1688 203 609 601 617 618
1689 203 633 632 631 638
1690 203 633 632 631 639
1691 203 623 616 632 633
1692 203 624 616 632 633
1693 203 648 647 646 653
1694 203 648 647 646 654
1695 203 638 631 647 648
1696 203 639 631 647 648
1697 203 663 662 661 668
1698 203 663 662 661 669
1699 203 653 646 662 663
1700 203 654 646 662 663
1701 203 678 677 676 683
1702 203 678 677 676 684
1703 203 668 661 677 678
1704 203 669 661 677 678
1705 203 693 692 691 698
1706 203 693 692 691 699
1707 203 683 676 692 693
1708 203 684 676 692 693
1709 203 708 707 706 713
1710 203 708 707 706 714
1711 203 698 691 707 708
1712 203 699 691 707 708
1713 203 723 722 721 728
1714 203 723 722 721 729
1715 203 713 706 722 723
1716 203 714 706 722 723
1717 203 721 737 736 743
1718 203 721 737 736 744
1719 203 721 737 738 745
1720 203 721 737 738 746
1721 203 721 737 738 747
1722 203 736 737 738 745
1723 203 736 737 738 746
1724 203 736 737 738 747
1725 203 728 721 737 736
1726 203 729 721 737 736
1727 203 728 721 737 738
1728 203 729 721 737 738
1729 203 738 737 736 743
1730 203 738 737 736 744
1731 269 4 6 7 13
1732 269 4 6 7 14
1733 269 4 6 7 15
1734 269 19 21 22 28
1735 269 19 21 22 29
1736 269 19 21 22 30
1737 269 34 36 37 43
1738 269 34 36 37 44
1739 269 34 36 37 45
1740 269 49 51 52 58
1741 269 49 51 52 59
1742 269 49 51 52 60
1743 269 64 66 67 73
1744 269 64 66 67 74
1745 269 64 66 67 75
1746 269 79 81 82 88
1747 269 79 81 82 89
1748 269 79 81 82 90
1749 269 94 96 97 103
1750 269 94 96 97 104
1751 269 94 96 97 105
1752 269 109 111 112 118
1753 269 109 111 112 119
1754 269 109 111 112 120
1755 269 124 126 127 133
1756 269 124 126 127 134
1757 269 124 126 127 135
1758 269 139 141 142 148
1759 269 139 141 142 149
1760 269 139 141 142 150
1761 269 154 156 157 163
1762 269 154 156 157 164
1763 269 154 156 157 165
1764 269 169 171 172 178
1765 269 169 171 172 179
1766 269 169 171 172 180
1767 269 184 186 187 193
1768 269 184 186 187 194
1769 269 184 186 187 195
1770 269 199 201 202 208
1771 269 199 201 202 209
1772 269 199 201 202 210
1773 269 214 216 217 223
1774 269 214 216 217 224
1775 269 214 216 217 225
1776 269 229 231 232 238
1777 269 229 231 232 239
1778 269 229 231 232 240
1779 269 244 246 247 253
1780 269 244 246 247 254
1781 269 244 246 247 255
1782 269 259 261 262 268
1783 269 259 261 262 269
1784 269 259 261 262 270
1785 269 274 276 277 283
1786 269 274 276 277 284
1787 269 274 276 277 285
1788 269 289 291 292 298
1789 269 289 291 292 299
1790 269 289 291 292 300
1791 269 304 306 307 313
1792 269 304 306 307 314
1793 269 304 306 307 315
1794 269 319 321 322 328
1795 269 319 321 322 329
1796 269 319 321 322 330
1797 269 334 336 337 343
1798 269 334 336 337 344
1799 269 334 336 337 345
1800 269 349 351 352 358
1801 269 349 351 352 359
1802 269 349 351 352 360
1803 269 364 366 367 373
1804 269 364 366 367 374
1805 269 364 366 367 375
1806 269 379 381 382 388
1807 269 379 381 382 389
1808 269 379 381 382 390
1809 269 394 396 397 403
1810 269 394 396 397 404
1811 269 394 396 397 405
1812 269 409 411 412 418
1813 269 409 411 412 419
1814 269 409 411 412 420
1815 269 424 426 427 433
1816 269 424 426 427 434
1817 269 424 426 427 435
1818 269 439 441 442 448
1819 269 439 441 442 449
1820 269 439 441 442 450
1821 269 454 456 457 463
1822 269 454 456 457 464
1823 269 454 456 457 465
1824 269 469 471 472 478
1825 269 469 471 472 479
1826 269 469 471 472 480
1827 269 484 486 487 493
1828 269 484 486 487 494
1829 269 484 486 487 495
1830 269 499 501 502 508
1831 269 499 501 502 509
1832 269 499 501 502 510
1833 269 514 516 517 523
1834 269 514 516 517 524
1835 269 514 516 517 525
1836 269 529 531 532 538
1837 269 529 531 532 539
1838 269 529 531 532 540
1839 269 544 546 547 553
1840 269 544 546 547 554
1841 269 544 546 547 555
1842 269 559 561 562 568
1843 269 559 561 562 569
1844 269 559 561 562 570
1845 269 574 576 577 583
1846 269 574 576 577 584
1847 269 574 576 577 585
1848 269 589 591 592 598
1849 269 589 591 592 599
1850 269 589 591 592 600
1851 269 604 606 607 613
1852 269 604 606 607 614
1853 269 604 606 607 615
1854 269 619 621 622 628
1855 269 619 621 622 629
1856 269 619 621 622 630
1857 269 634 636 637 643
1858 269 634 636 637 644
1859 269 634 636 637 645
1860 269 649 651 652 658
1861 269 649 651 652 659
1862 269 649 651 652 660
1863 269 664 666 667 673
1864 269 664 666 667 674
1865 269 664 666 667 675
1866 269 679 681 682 688
1867 269 679 681 682 689
1868 269 679 681 682 690
1869 269 694 696 697 703
1870 269 694 696 697 704
1871 269 694 696 697 705
1872 269 709 711 712 718
1873 269 709 711 712 719
1874 269 709 711 712 720
1875 269 724 726 727 733
1876 269 724 726 727 734
1877 269 724 726 727 735
1878 269 739 741 742 748
1879 269 739 741 742 749
1880 269 739 741 742 750
