        1    1    2
        2    2    3
        3    2    4
        4    4    5
        5    4    6
        6    6    7
        7    1    8
        8    1    9
        9    3    10
        10    3    11
        11    3    12
        12    7    13
        13    7    14
        14    7    15
        15    16    17
        16    17    18
        17    17    19
        18    19    20
        19    19    21
        20    21    22
        21    16    23
        22    16    24
        23    18    25
        24    18    26
        25    18    27
        26    22    28
        27    22    29
        28    22    30
        29    31    32
        30    32    33
        31    32    34
        32    34    35
        33    34    36
        34    36    37
        35    31    38
        36    31    39
        37    33    40
        38    33    41
        39    33    42
        40    37    43
        41    37    44
        42    37    45
        43    46    47
        44    47    48
        45    47    49
        46    49    50
        47    49    51
        48    51    52
        49    46    53
        50    46    54
        51    48    55
        52    48    56
        53    48    57
        54    52    58
        55    52    59
        56    52    60
        57    61    62
        58    62    63
        59    62    64
        60    64    65
        61    64    66
        62    66    67
        63    61    68
        64    61    69
        65    63    70
        66    63    71
        67    63    72
        68    67    73
        69    67    74
        70    67    75
        71    76    77
        72    77    78
        73    77    79
        74    79    80
        75    79    81
        76    81    82
        77    76    83
        78    76    84
        79    78    85
        80    78    86
        81    78    87
        82    82    88
        83    82    89
        84    82    90
        85    91    92
        86    92    93
        87    92    94
        88    94    95
        89    94    96
        90    96    97
        91    91    98
        92    91    99
        93    93    100
        94    93    101
        95    93    102
        96    97    103
        97    97    104
        98    97    105
        99    106    107
        100    107    108
        101    107    109
        102    109    110
        103    109    111
        104    111    112
        105    106    113
        106    106    114
        107    108    115
        108    108    116
        109    108    117
        110    112    118
        111    112    119
        112    112    120
        113    121    122
        114    122    123
        115    122    124
        116    124    125
        117    124    126
        118    126    127
        119    121    128
        120    121    129
        121    123    130
        122    123    131
        123    123    132
        124    127    133
        125    127    134
        126    127    135
        127    136    137
        128    137    138
        129    137    139
        130    139    140
        131    139    141
        132    141    142
        133    136    143
        134    136    144
        135    138    145
        136    138    146
        137    138    147
        138    142    148
        139    142    149
        140    142    150
        141    151    152
        142    152    153
        143    152    154
        144    154    155
        145    154    156
        146    156    157
        147    151    158
        148    151    159
        149    153    160
        150    153    161
        151    153    162
        152    157    163
        153    157    164
        154    157    165
        155    166    167
        156    167    168
        157    167    169
        158    169    170
        159    169    171
        160    171    172
        161    166    173
        162    166    174
        163    168    175
        164    168    176
        165    168    177
        166    172    178
        167    172    179
        168    172    180
        169    181    182
        170    182    183
        171    182    184
        172    184    185
        173    184    186
        174    186    187
        175    181    188
        176    181    189
        177    183    190
        178    183    191
        179    183    192
        180    187    193
        181    187    194
        182    187    195
        183    196    197
        184    197    198
        185    197    199
        186    199    200
        187    199    201
        188    201    202
        189    196    203
        190    196    204
        191    198    205
        192    198    206
        193    198    207
        194    202    208
        195    202    209
        196    202    210
        197    211    212
        198    212    213
        199    212    214
        200    214    215
        201    214    216
        202    216    217
        203    211    218
        204    211    219
        205    213    220
        206    213    221
        207    213    222
        208    217    223
        209    217    224
        210    217    225
        211    226    227
        212    227    228
        213    227    229
        214    229    230
        215    229    231
        216    231    232
        217    226    233
        218    226    234
        219    228    235
        220    228    236
        221    228    237
        222    232    238
        223    232    239
        224    232    240
        225    241    242
        226    242    243
        227    242    244
        228    244    245
        229    244    246
        230    246    247
        231    241    248
        232    241    249
        233    243    250
        234    243    251
        235    243    252
        236    247    253
        237    247    254
        238    247    255
        239    256    257
        240    257    258
        241    257    259
        242    259    260
        243    259    261
        244    261    262
        245    256    263
        246    256    264
        247    258    265
        248    258    266
        249    258    267
        250    262    268
        251    262    269
        252    262    270
        253    271    272
        254    272    273
        255    272    274
        256    274    275
        257    274    276
        258    276    277
        259    271    278
        260    271    279
        261    273    280
        262    273    281
        263    273    282
        264    277    283
        265    277    284
        266    277    285
        267    286    287
        268    287    288
        269    287    289
        270    289    290
        271    289    291
        272    291    292
        273    286    293
        274    286    294
        275    288    295
        276    288    296
        277    288    297
        278    292    298
        279    292    299
        280    292    300
        281    301    302
        282    302    303
        283    302    304
        284    304    305
        285    304    306
        286    306    307
        287    301    308
        288    301    309
        289    303    310
        290    303    311
        291    303    312
        292    307    313
        293    307    314
        294    307    315
        295    316    317
        296    317    318
        297    317    319
        298    319    320
        299    319    321
        300    321    322
        301    316    323
        302    316    324
        303    318    325
        304    318    326
        305    318    327
        306    322    328
        307    322    329
        308    322    330
        309    331    332
        310    332    333
        311    332    334
        312    334    335
        313    334    336
        314    336    337
        315    331    338
        316    331    339
        317    333    340
        318    333    341
        319    333    342
        320    337    343
        321    337    344
        322    337    345
        323    346    347
        324    347    348
        325    347    349
        326    349    350
        327    349    351
        328    351    352
        329    346    353
        330    346    354
        331    348    355
        332    348    356
        333    348    357
        334    352    358
        335    352    359
        336    352    360
        337    361    362
        338    362    363
        339    362    364
        340    364    365
        341    364    366
        342    366    367
        343    361    368
        344    361    369
        345    363    370
        346    363    371
        347    363    372
        348    367    373
        349    367    374
        350    367    375
        351    376    377
        352    377    378
        353    377    379
        354    379    380
        355    379    381
        356    381    382
        357    376    383
        358    376    384
        359    378    385
        360    378    386
        361    378    387
        362    382    388
        363    382    389
        364    382    390
        365    391    392
        366    392    393
        367    392    394
        368    394    395
        369    394    396
        370    396    397
        371    391    398
        372    391    399
        373    393    400
        374    393    401
        375    393    402
        376    397    403
        377    397    404
        378    397    405
        379    406    407
        380    407    408
        381    407    409
        382    409    410
        383    409    411
        384    411    412
        385    406    413
        386    406    414
        387    408    415
        388    408    416
        389    408    417
        390    412    418
        391    412    419
        392    412    420
        393    421    422
        394    422    423
        395    422    424
        396    424    425
        397    424    426
        398    426    427
        399    421    428
        400    421    429
        401    423    430
        402    423    431
        403    423    432
        404    427    433
        405    427    434
        406    427    435
        407    436    437
        408    437    438
        409    437    439
        410    439    440
        411    439    441
        412    441    442
        413    436    443
        414    436    444
        415    438    445
        416    438    446
        417    438    447
        418    442    448
        419    442    449
        420    442    450
        421    451    452
        422    452    453
        423    452    454
        424    454    455
        425    454    456
        426    456    457
        427    451    458
        428    451    459
        429    453    460
        430    453    461
        431    453    462
        432    457    463
        433    457    464
        434    457    465
        435    466    467
        436    467    468
        437    467    469
        438    469    470
        439    469    471
        440    471    472
        441    466    473
        442    466    474
        443    468    475
        444    468    476
        445    468    477
        446    472    478
        447    472    479
        448    472    480
        449    481    482
        450    482    483
        451    482    484
        452    484    485
        453    484    486
        454    486    487
        455    481    488
        456    481    489
        457    483    490
        458    483    491
        459    483    492
        460    487    493
        461    487    494
        462    487    495
        463    496    497
        464    497    498
        465    497    499
        466    499    500
        467    499    501
        468    501    502
        469    496    503
        470    496    504
        471    498    505
        472    498    506
        473    498    507
        474    502    508
        475    502    509
        476    502    510
        477    511    512
        478    512    513
        479    512    514
        480    514    515
        481    514    516
        482    516    517
        483    511    518
        484    511    519
        485    513    520
        486    513    521
        487    513    522
        488    517    523
        489    517    524
        490    517    525
        491    526    527
        492    527    528
        493    527    529
        494    529    530
        495    529    531
        496    531    532
        497    526    533
        498    526    534
        499    528    535
        500    528    536
        501    528    537
        502    532    538
        503    532    539
        504    532    540
        505    541    542
        506    542    543
        507    542    544
        508    544    545
        509    544    546
        510    546    547
        511    541    548
        512    541    549
        513    543    550
        514    543    551
        515    543    552
        516    547    553
        517    547    554
        518    547    555
        519    556    557
        520    557    558
        521    557    559
        522    559    560
        523    559    561
        524    561    562
        525    556    563
        526    556    564
        527    558    565
        528    558    566
        529    558    567
        530    562    568
        531    562    569
        532    562    570
        533    571    572
        534    572    573
        535    572    574
        536    574    575
        537    574    576
        538    576    577
        539    571    578
        540    571    579
        541    573    580
        542    573    581
        543    573    582
        544    577    583
        545    577    584
        546    577    585
        547    586    587
        548    587    588
        549    587    589
        550    589    590
        551    589    591
        552    591    592
        553    586    593
        554    586    594
        555    588    595
        556    588    596
        557    588    597
        558    592    598
        559    592    599
        560    592    600
        561    601    602
        562    602    603
        563    602    604
        564    604    605
        565    604    606
        566    606    607
        567    601    608
        568    601    609
        569    603    610
        570    603    611
        571    603    612
        572    607    613
        573    607    614
        574    607    615
        575    616    617
        576    617    618
        577    617    619
        578    619    620
        579    619    621
        580    621    622
        581    616    623
        582    616    624
        583    618    625
        584    618    626
        585    618    627
        586    622    628
        587    622    629
        588    622    630
        589    631    632
        590    632    633
        591    632    634
        592    634    635
        593    634    636
        594    636    637
        595    631    638
        596    631    639
        597    633    640
        598    633    641
        599    633    642
        600    637    643
        601    637    644
        602    637    645
        603    646    647
        604    647    648
        605    647    649
        606    649    650
        607    649    651
        608    651    652
        609    646    653
        610    646    654
        611    648    655
        612    648    656
        613    648    657
        614    652    658
        615    652    659
        616    652    660
        617    661    662
        618    662    663
        619    662    664
        620    664    665
        621    664    666
        622    666    667
        623    661    668
        624    661    669
        625    663    670
        626    663    671
        627    663    672
        628    667    673
        629    667    674
        630    667    675
        631    676    677
        632    677    678
        633    677    679
        634    679    680
        635    679    681
        636    681    682
        637    676    683
        638    676    684
        639    678    685
        640    678    686
        641    678    687
        642    682    688
        643    682    689
        644    682    690
        645    691    692
        646    692    693
        647    692    694
        648    694    695
        649    694    696
        650    696    697
        651    691    698
        652    691    699
        653    693    700
        654    693    701
        655    693    702
        656    697    703
        657    697    704
        658    697    705
        659    706    707
        660    707    708
        661    707    709
        662    709    710
        663    709    711
        664    711    712
        665    706    713
        666    706    714
        667    708    715
        668    708    716
        669    708    717
        670    712    718
        671    712    719
        672    712    720
        673    721    722
        674    722    723
        675    722    724
        676    724    725
        677    724    726
        678    726    727
        679    721    728
        680    721    729
        681    723    730
        682    723    731
        683    723    732
        684    727    733
        685    727    734
        686    727    735
        687    736    737
        688    737    738
        689    737    739
        690    739    740
        691    739    741
        692    741    742
        693    736    743
        694    736    744
        695    738    745
        696    738    746
        697    738    747
        698    742    748
        699    742    749
        700    742    750
    701 1 17
    702 16 32
    703 31 47
    704 46 62
    705 61 77
    706 76 92
    707 91 107
    708 106 122
    709 121 137
    710 136 152
    711 151 167
    712 166 182
    713 181 197
    714 196 212
    715 211 227
    716 226 242
    717 241 257
    718 256 272
    719 271 287
    720 286 302
    721 301 317
    722 316 332
    723 331 347
    724 346 362
    725 361 377
    726 376 392
    727 391 407
    728 406 422
    729 421 437
    730 436 452
    731 451 467
    732 466 482
    733 481 497
    734 496 512
    735 511 527
    736 526 542
    737 541 557
    738 556 572
    739 571 587
    740 586 602
    741 601 617
    742 616 632
    743 631 647
    744 646 662
    745 661 677
    746 676 692
    747 691 707
    748 706 722
    749 721 737
