# EA molecule
14 atoms
13 bonds
22 angles
20 dihedrals
2 impropers

Coords

8 3.3332309924969525 -0.1292830031591201 -1.4892295017719697
9 1.7938108845009975 -0.41287831012405185 -2.281036390273565
2 1.617014809909314 -0.2775514433583339 -0.20444958613173725
10 1.629154463410126 -1.3250607942838037 -0.13570577471178957
12 -2.4388248779864323 -0.2511910553870873 0.31361138641194053
14 -2.0960255569194466 1.3057872470371965 -0.4753156573471635
3 0.2326384066627405 0.1324715603405462 -0.26884284504678035
7 2.2290410194799666 1.2564799040400008 -1.5408368497860216
1 2.2796170450257396 0.17359038316567954 -1.4876415354058317
13 -2.576432564705291 1.1610099004047534 1.2618370767371463
6 -1.9815249182081125 0.7411041579861575 0.4838645409734035
5 -0.10741025656308345 0.32978811727711843 1.9805995047374925
4 -0.4820848558429116 0.4290942405185305 0.8390084821150587
11 2.1707161053706994 0.05114748969718086 0.6680645792787558

Charges

8 0.06
9 0.06
2 0.19
10 0.03
12 0.06
14 0.06
3 -0.33
7 0.06
1 -0.18
13 0.06
6 -0.18
5 -0.43
4 0.51
11 0.03

Types

8 85
9 85
2 431
10 410
12 85
14 85
3 408
7 85
1 80
13 85
6 80
5 407
4 406
11 410

Bonds

1 119 2 3
2 125 2 10
3 125 2 11
4 41 3 4
5 113 1 2
6 125 1 7
7 125 1 8
8 125 1 9
9 125 6 12
10 125 6 13
11 125 6 14
12 34 4 5
13 39 4 6

Angles

1 205 1 2 3
2 220 10 2 11
3 228 3 2 10
4 228 3 2 11
5 232 1 2 10
6 232 1 2 11
7 398 2 3 4
8 220 7 1 8
9 220 7 1 9
10 220 8 1 9
11 232 2 1 7
12 232 2 1 8
13 232 2 1 9
14 220 12 6 13
15 220 12 6 14
16 220 13 6 14
17 224 4 6 12
18 224 4 6 13
19 224 4 6 14
20 50 5 4 6
21 52 3 4 6
22 53 3 4 5

Dihedrals

1 215 3 2 1 7
2 215 3 2 1 8
3 215 3 2 1 9
4 265 1 2 3 4
5 68 2 3 4 5
6 70 2 3 4 6
7 269 4 3 2 10
8 269 4 3 2 11
9 225 7 1 2 10
10 225 7 1 2 11
11 225 8 1 2 10
12 225 8 1 2 11
13 225 9 1 2 10
14 225 9 1 2 11
15 44 5 4 6 12
16 44 5 4 6 13
17 44 5 4 6 14
18 52 3 4 6 12
19 52 3 4 6 13
20 52 3 4 6 14

Impropers

1 1 5 3 4 6
2 1 3 6 4 5
