# EMC molecule
15 atoms
14 bonds
22 angles
17 dihedrals
2 impropers

Coords

4 0.2267244848072525 -0.2643799529091848 -0.3549581389394616
6 1.2795863789604232 -1.0423544979697321 -0.3632866860308641
7 1.6260660343758833 -1.7411184166802156 -1.5847522147566768
5 -0.5547910911797858 -0.08674527117642539 -1.3364964266981005
13 2.6242675514422977 -2.210318234888326 -1.5828266746196877
15 1.5885262902192894 -1.0052444537272895 -2.4234810102636395
14 0.9454044783685993 -2.5075690203124283 -1.7807273467134879
1 -1.9424531344694742 1.2398772526405049 1.6356773823836628
11 0.13023717975389326 2.058077654486101 1.8889352402941286
2 -0.518397634446401 1.532998863971879 1.1045929281500442
10 -2.6268264003976247 0.8287987298029322 0.8333616464182434
3 0.12980473085207755 0.27503453043870074 0.8435906879724642
8 -2.352781268538941 2.1481090991551204 2.066318213590918
9 -1.934482059318869 0.5165756489887889 2.4376404285010738
12 -0.6637453762682712 2.1705837639364614 0.22442042207225832

Charges

4 0.86
6 -0.45
7 -0.1
5 -0.5
13 0.06
15 0.06
14 0.06
1 -0.1
11 0.03
2 0.21
10 0.06
3 -0.45
8 0.06
9 0.06
12 0.03

Types

4 713
6 714
7 717
5 712
13 720
15 720
14 720
1 717
11 718
2 715
10 720
3 714
8 720
9 720
12 718

Bonds

1 34 4 5
2 41 4 6
3 119 6 7
4 125 7 13
5 125 7 14
6 125 7 15
7 113 1 2
8 125 1 8
9 125 1 9
10 125 1 10
11 119 2 3
12 125 2 11
13 125 2 12
14 41 3 4

Angles

1 53 3 4 5
2 53 5 4 6
3 398 4 6 7
4 220 13 7 14
5 220 13 7 15
6 220 14 7 15
7 228 6 7 13
8 228 6 7 14
9 228 6 7 15
10 220 8 1 9
11 220 8 1 10
12 220 9 1 10
13 232 2 1 8
14 232 2 1 9
15 232 2 1 10
16 205 1 2 3
17 220 11 2 12
18 228 3 2 11
19 228 3 2 12
20 232 1 2 11
21 232 1 2 12
22 398 2 3 4

Dihedrals

1 68 5 4 6 7
2 269 4 6 7 13
3 269 4 6 7 14
4 269 4 6 7 15
5 225 8 1 2 11
6 225 8 1 2 12
7 225 9 1 2 11
8 225 9 1 2 12
9 225 10 1 2 11
10 225 10 1 2 12
11 215 3 2 1 8
12 215 3 2 1 9
13 215 3 2 1 10
14 265 1 2 3 4
15 68 2 3 4 5
16 269 4 3 2 11
17 269 4 3 2 12

Impropers

1 1 3 6 4 5
2 1 5 3 4 6
